-4.964193713623631e-06
-1.5404939817725494e-05
4.482195618667019e-06
-1.3416226274124847e-05
-5.461372099552499e-06
1.8403190424354172e-05
-1.987954529090183e-05
8.4596227059662e-06
5.047685313674998e-07
-2.335979399226955e-05
-8.941620800924772e-06
-3.0320291394903833e-05
9.453979477802785e-06
1.2437049793341486e-05
-1.981123398184771e-06
-9.935977572762984e-06
-4.964193713500357e-06
-1.3416226274118342e-05
-2.0873902062690276e-05
7.590145451650824e-09
3.9850172327576614e-06
-3.4726585559167233e-06
-6.4557288713552576e-06
1.790601203840613e-05
5.04768531359698e-07
-1.4410583045918499e-05
-1.441058304588143e-05
-7.947264029125591e-06
2.4934820750081453e-06
-7.450085643208766e-06
2.9906604609867787e-06
9.45397947784605e-06
1.9963036891277453e-06
-6.95290725718297e-06
-2.037672367677931e-05
-9.935977572754527e-06
6.4709091623310655e-06
1.2437049793361006e-05
-6.455728871383885e-06
-2.4783017841045274e-06
-6.95290725729453e-06
-1.6896474975388158e-05
8.956801091884325e-06
-9.438799186848752e-06
1.996303689118638e-06
5.047685313707614e-07
-3.926950234122821e-05
-2.975480169900048e-06
1.2437049793277731e-05
-1.7393653361377524e-05
-1.590211820350409e-05
-1.540493981769948e-05
-1.441058304593802e-05
-4.964193713551425e-06
-1.540493981773818e-05
-8.444442415033313e-06
8.459622706005222e-06
8.956801091919138e-06
-1.987954529091549e-05
1.0019469174752434e-06
-1.4907761431818425e-05
3.48783884697189e-06
1.499125303240185e-06
-1.8388010133184518e-05
-9.935977572738264e-06
-2.2365437220452805e-05
-1.73936533613089e-05
-1.1924691116380545e-05
-2.478301784092181e-06
-2.478301784012167e-06
-3.969836941835829e-06
1.6911655266552296e-05
7.962444320063361e-06
1.542012010882848e-05
3.4878388468974233e-06
-1.54049398177024e-05
-5.958550485469974e-06
-5.9585504854348505e-06
1.9963036891495424e-06
-4.4670153276014256e-06
-8.941620800935184e-06
8.459622705961326e-06
2.685522298489312e-05
-5.461372099528439e-06
8.956801091871314e-06
-7.4500856432045285e-06
-1.9811233981411906e-06
1.001946917314899e-06
2.990660460976045e-06
-1.2421869502262571e-05
1.0019469172807602e-06
1.996303689119948e-06
5.04768531497595e-07
-7.9472640289067e-06
5.973730776446776e-06
-7.947264029028996e-06
-9.935977572743469e-06
-1.0930334344571598e-05
3.985017232764497e-06
-1.142751273040679e-05
9.951157863699128e-06
1.989472558199962e-05
3.487838846849619e-06
1.3431406565103926e-05
-8.444442415026486e-06
-1.043315595864501e-05
1.0019469172768524e-06
1.3928584951019445e-05
-9.86766626374206e-07
1.4991253032245725e-06
4.482195618679375e-06
4.482195618656601e-06
9.951157863804164e-06
5.476552390508805e-06
5.476552390504242e-06
-1.6896474975466224e-05
1.2934228179341243e-05
-4.964193713576807e-06
2.9906604609451496e-06
1.3928584951022378e-05
-3.4726585559033877e-06
-1.5902118203578247e-05
-1.6399296589561755e-05
-2.478301784051844e-06
-6.455728871383876e-06
1.2934228179187418e-05
1.691165526650936e-05
-2.1868258834538253e-05
-1.192469111639973e-05
-4.467015327727293e-06
3.98501723275637e-06
-8.444442415034934e-06
-8.444442415018671e-06
-2.4783017840801375e-06
-1.1924691116396149e-05
-1.9811233981955e-06
-4.467015327671018e-06
-2.982311300904653e-05
-1.2919047888207698e-05
-3.96983694182477e-06
2.4934820750126943e-06
-6.455728871348427e-06
-2.1371080448564503e-05
-9.438799186843878e-06
-9.935977572736967e-06
-4.964193713657458e-06
1.6911655266600438e-05
-4.964193713522151e-06
3.4878388468336676e-06
1.6414476880587664e-05
7.962444320102374e-06
4.979374004589378e-06
-2.4783017841045274e-06
-1.3913404659923282e-05
6.470909162322952e-06
-1.3913404659996476e-05
-7.947264028907677e-06
-8.941620800879561e-06
-2.1371080448649718e-05
-1.1427512730380449e-05
7.962444320138158e-06
-1.3913404660016306e-05
1.499125303184579e-06
-9.438799186843553e-06
8.956801091916205e-06
6.470909162373354e-06
-4.895882404655127e-07
1.4991253032066876e-06
-1.54049398177372e-05
1.4922941722848555e-05
5.4765523904866955e-06
-3.472658555877692e-06
3.4878388468395316e-06
-1.5902118203651753e-05
-1.093033434456965e-05
7.59014546368095e-09
-1.2421869502269402e-05
-1.483945012265344e-06
-9.867666263647689e-07
2.3872152669353103e-05
1.3928584951014255e-05
-1.242186950220142e-05
-1.4839450122214473e-06
-4.895882403825803e-07
-6.952907257272412e-06
-7.947264029091447e-06
-1.4410583045872312e-05
-2.3856972378152884e-05
8.956801091883688e-06
-2.5348507535888403e-05
7.4652659341647375e-06
-7.94726402903192e-06
3.4878388468313954e-06
-1.0930334344472076e-05
-1.0433155958654772e-05
1.996303689110186e-06
1.0448336249791263e-05
1.79060120383632e-05
1.5917298494679607e-05
1.4991253032063624e-06
-8.444442414908084e-06
-2.478301784098027e-06
-1.8388010133167926e-05
-1.242186950224793e-05
2.4934820750296214e-06
-1.5404939817679954e-05
9.95115786372416e-06
-1.4839450122617617e-06
-1.3913404660026715e-05
9.45397947786426e-06
-1.981123398042327e-06
-4.9641937136008625e-06
-2.4783017840905412e-06
5.047685314270179e-07
-2.4354150764076212e-05
-2.47830178409055e-06
-1.3913404659952559e-05
-1.9811233981496516e-06
7.590145452938314e-09
1.0448336249691065e-05
8.956801091899929e-06
2.4866509441194896e-05
-1.1924691116308662e-05
2.4934820750247383e-06
4.482195618708648e-06
-1.639929658952597e-05
2.990660460920746e-06
-4.895882404365645e-07
-2.975480170004443e-06
9.951157863769054e-06
9.951157863713768e-06
8.459622706028324e-06
-1.4839450122682669e-06
-2.9754801700194098e-06
8.956801091894079e-06
1.3431406565193039e-05
2.990660460987741e-06
4.4821956186979145e-06
5.047685314039244e-07
-7.947264029119726e-06
-1.9811233980618405e-06
2.990660460934746e-06
-2.97548016999469e-06
1.1442693021469126e-05
-1.7890831747219547e-05
9.951157863716353e-06
-4.89588240423545e-07
-1.043315595866355e-05
2.4934820750588906e-06
4.482195618696939e-06
-2.4783017840563935e-06
-4.467015327702898e-06
8.459622705988637e-06
-6.9529072572467165e-06
1.293422817923716e-05
-3.4726585558630596e-06
7.590145464331471e-09
-4.467015327735429e-06
7.962444320070178e-06
-2.5348507535896216e-05
-1.540493981766987e-05
-8.444442414995253e-06
-2.4783017839926467e-06
5.04768531368471e-07
-6.952907257298103e-06
-3.472658555908917e-06
-2.5845685921736274e-05
-1.4907761431834683e-05
-3.4726585559294085e-06
-4.4670153277217635e-06
5.047685313870199e-07
3.985017232773274e-06
-6.952907257287695e-06
1.0019469173393025e-06
-2.087390206273874e-05
2.1386260739796275e-05
5.476552390535471e-06
-6.952907257303633e-06
2.9906604609350665e-06
-1.6896474975449958e-05
3.4878388469436057e-06
-1.5902118203639396e-05
-7.450085643193799e-06
4.9793740045770135e-06
-9.867666263013475e-07
8.956801091923036e-06
4.4821956187157945e-06
-7.947264029108022e-06
3.985017232756686e-06
1.3431406565133833e-05
-2.286261560631011e-05
-4.895882403786681e-07
-3.472658555923549e-06
-4.467015327737371e-06
-7.450085643205834e-06
-3.4726585558630596e-06
4.48219561866766e-06
-4.895882404498957e-07
-4.895882403936346e-07
-2.4783017840973764e-06
-9.438799186806463e-06
-1.0930334344563136e-05
6.968087548223522e-06
1.0019469172996118e-06
-1.540493981775509e-05
-9.867666262330519e-07
-7.947264029112576e-06
2.493482075134988e-06
-1.1924691116285555e-05
-9.438799186855262e-06
-1.689647497547338e-05
-9.935977572738264e-06
6.968087548242058e-06
-1.3913404660006554e-05
-9.86766626376808e-07
-7.947264029119731e-06
3.4878388468792087e-06
-1.2421869502309729e-05
-9.867666263748655e-07
9.951157863733934e-06
-1.1924691116335325e-05
2.4934820750653823e-06
-1.5404939817723865e-05
1.0019469173132772e-06
-1.093033434457095e-05
1.0019469172983152e-06
6.470909162411396e-06
-1.1924691116398754e-05
-4.895882404577019e-07
-1.2919047888164113e-05
1.1939871407438648e-05
-8.444442414981266e-06
-1.3913404660007199e-05
3.985017232802209e-06
-1.4410583045926635e-05
5.973730776393116e-06
-5.461372099523225e-06
-7.450085643189896e-06
7.590145449369481e-09
-9.93597757273859e-06
-1.483945012262742e-06
-7.450085643165827e-06
-9.438799186747282e-06
-2.4783017841097363e-06
-1.3913404660001344e-05
-3.23090049385666e-05
-2.5845685921754824e-05
-3.969836941829984e-06
-9.86766626356967e-07
-1.3416226274053297e-05
-3.969836941761675e-06
-2.534850753586108e-05
5.476552390482784e-06
3.48783884687302e-06
7.590145544996113e-09
-2.0376723676838177e-05
-2.3359793992264997e-05
-1.3416226274092326e-05
-6.952907257295817e-06
-1.8388010133169874e-05
2.9906604609812493e-06
-3.472658555900135e-06
-1.0930334344571923e-05
-9.93597757275713e-06
5.476552390481483e-06
-2.5348507535824337e-05
5.047685313954722e-07
-4.964193713647054e-06
-1.9811233981281844e-06
-1.4839450122881122e-06
-4.895882404482648e-07
-4.895882404625718e-07
-1.4839450122214473e-06
6.9680875482469274e-06
-1.0930334344528013e-05
-6.45572887137607e-06
1.0448336249626677e-05
4.979374004577989e-06
8.459622706006198e-06
-6.952907257305263e-06
5.047685313798642e-07
3.985017232752792e-06
-7.450085643198023e-06
4.979374004595869e-06
-1.6399296589517526e-05
2.493482075015631e-06
5.4765523904971e-06
3.985017232993453e-06
-2.4783017840759045e-06
-2.5348507535897192e-05
-1.2919047887942277e-05
-2.4783017841035563e-06
-3.472658555892333e-06
-9.86766626350141e-07
1.2437049793314174e-05
3.4878388468954764e-06
-8.941620800902332e-06
-1.2919047888146547e-05
1.5917298494674738e-05
-1.0930334344510452e-05
-1.9382366904888397e-05
2.493482075054644e-06
-1.1427512730487451e-05
-4.89588240452814e-07
-5.95855048537566e-06
-3.472658555921611e-06
-1.590211820354182e-05
1.243704979332033e-05
2.493482075017903e-06
-2.982311300900067e-05
1.4991253032600304e-06
1.0019469172703428e-06
-1.7393653361393136e-05
1.34314065651345e-05
-2.4783017841012795e-06
7.962444320094573e-06
-1.1427512730354762e-05
-1.441058304591395e-05
-1.987954529091094e-05
-2.0873902062688013e-05
3.985017232770342e-06
7.962444320094573e-06
-6.455728871392328e-06
6.968087548324986e-06
-3.9698369418052545e-06
5.476552390495464e-06
-1.4410583045848898e-05
-1.9811233981984365e-06
4.482195618654971e-06
-1.0930334344457767e-05
1.1442693021475948e-05
3.9850172327576614e-06
-2.4783017840723355e-06
1.996303689094894e-06
6.47090916230962e-06
1.989472558203148e-05
-9.438799186829892e-06
-5.958550485453061e-06
1.2934228179223517e-05
8.956801091888878e-06
1.4922941722842709e-05
7.590145534908515e-09
-9.438799186837051e-06
5.973730776429212e-06
1.9397547196111082e-05
1.3928584951032139e-05
6.470909162323273e-06
-1.4839450122132978e-06
3.4878388468834282e-06
1.343140656513969e-05
-6.95290725727079e-06
6.470909162319378e-06
-1.4410583045893139e-05
1.4991253032489715e-06
-4.964193713635991e-06
1.840319042428228e-05
-2.1371080448575562e-05
-3.969836941820876e-06
-2.9325934623110185e-05
-4.895882404599833e-07
1.0019469172840037e-06
1.9963036892041904e-06
3.9850172327937705e-06
-4.895882404190005e-07
7.590145455219655e-09
5.047685314240997e-07
7.590145479943983e-09
-1.043315595866257e-05
1.0019469172927902e-06
1.740883365246393e-05
7.590145467263335e-09
-8.941620800919246e-06
-2.975480169996307e-06
-1.142751273042631e-05
-4.467015327540288e-06
-1.7393653361263683e-05
1.044833624961856e-05
-1.6896474975479235e-05
2.99066046096303e-06
-5.461372099376214e-06
1.4425763336941804e-05
1.0019469172703428e-06
-1.6896474975467525e-05
-8.941620800928995e-06
1.5420120108847016e-05
9.951157863729367e-06
2.990660460962375e-06
2.493482075069299e-06
-4.895882404160776e-07
1.1442693021473035e-05
1.996303689211012e-06
-1.3913404660024118e-05
2.4934820750588906e-06
1.9963036891218906e-06
5.973730776589872e-06
-2.478301784100633e-06
-7.947264029096968e-06
-1.689647497547338e-05
-2.47830178400371e-06
5.04768531359698e-07
1.996303689151155e-06
-2.186825883454606e-05
1.4991253032047452e-06
-1.3416226274118342e-05
7.590145445470872e-09
-3.969836941835829e-06
-6.952907257292249e-06
-1.3416226274125178e-05
9.453979477802465e-06
-7.450085643168109e-06
-2.4783017840999873e-06
7.590145528416854e-09
-8.444442414980941e-06
-8.444442415012825e-06
-5.9585504853535395e-06
3.487838846882475e-06
-1.7393653361009322e-05
-5.958550485417937e-06
1.1442693021473043e-05
3.487838846828798e-06
-3.472658555900135e-06
2.188343912570205e-05
7.96244432006206e-06
-1.9811233981906344e-06
5.047685314312508e-07
-5.958550485460225e-06
-1.0930334344534518e-05
3.083265007223198e-05
-4.467015327631336e-06
-6.95290725727501e-06
-4.964193713659404e-06
-2.4783017841084395e-06
-2.47830178409673e-06
-1.242186950224923e-05
-2.3856972378172393e-05
-1.2421869502275251e-05
-2.9754801700174535e-06
-1.8885188519102323e-05
-6.455728871354611e-06
6.470909162364901e-06
-8.44444241502843e-06
9.453979477800175e-06
-6.952907257262004e-06
-8.444442415016725e-06
-5.958550485432574e-06
1.2437049793315145e-05
-2.4783017840811176e-06
-1.9811233980091458e-06
-1.483945012267946e-06
-2.478301784042737e-06
-3.529207525399831e-05
3.985017232770342e-06
4.4821956187053904e-06
-2.7834399465385715e-05
1.4425763336929775e-05
-1.4839450122341236e-06
4.4821956186832685e-06
8.45962270605205e-06
2.039190396792425e-05
-4.4670153277055005e-06
-7.947264029102818e-06
-1.981123398157449e-06
1.2934228179186126e-05
-8.444442415022905e-06
1.0945514635670028e-05
-5.9585504854758376e-06
-1.4839450122838838e-06
5.4765523904886335e-06
-8.941620800876959e-06
-6.455728871378022e-06
-1.093033434454558e-05
-2.037672367680955e-05
6.968087548241733e-06
1.4425763336933998e-05
-1.6399296589551347e-05
5.047685314312508e-07
4.482195618684904e-06
-2.286261560637061e-05
-2.0376723676820288e-05
-4.4670153277256616e-06
3.985017232781067e-06
-9.438799186830868e-06
-5.95855048547193e-06
1.243704979328686e-05
-1.192469111637273e-05
-7.450085643177211e-06
9.95115786371376e-06
-4.9641937136616905e-06
1.2437049793312222e-05
-4.964193713641195e-06
1.5917298494796372e-05
6.470909162307655e-06
3.985017232742045e-06
-1.483945012281607e-06
-1.2421869502301922e-05
7.590145455219655e-09
-1.490776143183208e-05
-1.4907761431839882e-05
5.973730776440916e-06
-1.98112339819063e-06
-1.4907761431768666e-05
-1.0930334344579404e-05
2.9906604609389654e-06
-9.438799186848752e-06
-6.952907257289e-06
7.962444320085791e-06
5.973730776462054e-06
-1.3416226274014262e-05
1.3431406565133196e-05
-8.444442415014768e-06
-1.540493981774208e-05
1.4425763336929778e-05
-3.969836941829984e-06
5.9737307764376635e-06
-4.4670153277429055e-06
1.0448336249627973e-05
-3.429771848215651e-05
-1.043315595865803e-05
5.047685313583879e-07
-8.444442415027774e-06
-8.941620800878914e-06
2.990660460973443e-06
-1.4839450122344442e-06
-8.444442414996562e-06
-6.9529072572851015e-06
-1.6896474975101295e-05
-1.2421869502281111e-05
6.470909162318728e-06
-1.192469111639355e-05
-5.461372099575263e-06
-1.1427512730464678e-05
-1.5404939817752816e-05
-1.981123398193878e-06
-9.438799186734274e-06
-1.5404939817757695e-05
-1.0433155958668758e-05
-6.9529072572038e-06
1.4991253032424619e-06
1.996303689095865e-06
-8.9416208009355e-06
7.9624443200484e-06
9.453979477813514e-06
-5.4613720995160654e-06
6.47090916239286e-06
5.047685313661897e-07
-4.467015327739002e-06
-1.441058304593867e-05
1.44257633370101e-05
-7.4500856431970476e-06
-5.958550485431268e-06
-2.0376723676812156e-05
-1.7890831747295986e-05
-9.867666263403832e-07
-8.941620800905577e-06
-1.981123398132092e-06
1.001946917293766e-06
-9.935977572743797e-06
-4.895882404498957e-07
-4.46701532768013e-06
3.48783884684474e-06
2.8843936528530838e-05
-4.467015327676552e-06
-2.1868258834540523e-05
1.4991253032066876e-06
-2.584568592179353e-05
-1.9811233981984407e-06
-1.2421869502207934e-05
1.144269302159597e-05
4.482195618669292e-06
7.590145453272609e-09
-3.4726585559040424e-06
2.9906604609243376e-06
-1.888518851905028e-05
-1.490776143184379e-05
-2.7834399465388646e-05
3.985017232815228e-06
3.985017232770347e-06
9.951157863799624e-06
-1.0433155958670381e-05
5.047685314475049e-07
-6.9529072572180935e-06
1.5420120108817408e-05
-8.444442415021273e-06
-2.47830178410778e-06
-4.964193713609974e-06
-6.45572887134095e-06
-1.540493981774501e-05
-1.6896474975449636e-05
-1.9382366905005816e-05
-7.4500856431794835e-06
-2.2862615606322143e-05
1.4991253032125423e-06
3.182700684413784e-05
1.0448336249657247e-05
-7.94726402908331e-06
-5.958550485459566e-06
-7.450085643189896e-06
-1.8388010133204033e-05
7.465265934141007e-06
-7.450085643184041e-06
-1.9382366904940764e-05
-9.93597757273372e-06
5.476552390518874e-06
-1.6399296589565983e-05
-2.4783017839881023e-06
4.979374004572468e-06
-2.2365437220458982e-05
1.4991253032945036e-06
-1.5404939817737526e-05
-5.9585504854198885e-06
-9.867666262740347e-07
-2.4783017839978555e-06
1.989472558200482e-05
1.4991253032405192e-06
7.962444320047739e-06
-1.4839450122292356e-06
-1.2919047888188177e-05
9.951157863698803e-06
-3.9698369418260805e-06
8.956801091910996e-06
-9.935977572718744e-06
-1.7890831747287197e-05
-1.838801013315427e-05
-4.96419371362233e-06
-6.952907257285427e-06
6.968087548219619e-06
-4.622999974376817e-05
-8.444442414979645e-06
-7.450085643187624e-06
-6.952907257235983e-06
4.482195618709936e-06
-9.935977572676465e-06
-8.941620800831436e-06
-4.895882404303846e-07
-3.9698369418260805e-06
6.470909162312869e-06
-1.3913404660035502e-05
2.990660461027427e-06
5.973730776412293e-06
1.5917298494670838e-05
-2.1371080448625327e-05
1.2437049793342778e-05
7.465265934173845e-06
-1.6399296589576066e-05
-5.461372099516716e-06
-1.1427512730461108e-05
9.453979477880504e-06
-4.964193713541665e-06
-1.3416226274081262e-05
-7.45008564321364e-06
-1.3913404660024773e-05
7.590145519300521e-09
-7.947264029078754e-06
5.973730776459786e-06
-1.043315595865933e-05
-2.236543722035914e-05
-2.5348507535820424e-05
-1.888518851908086e-05
-2.4783017840723355e-06
3.4878388468648884e-06
-1.4839450121944418e-06
-1.0930334344548494e-05
-9.86766626366088e-07
-1.838801013320696e-05
2.493482075051735e-06
-6.952907257283146e-06
1.0019469173318215e-06
-1.5902118203646552e-05
1.392858495116906e-05
-6.455728871363068e-06
-1.3416226274117046e-05
-1.341622627408452e-05
-8.444442415025836e-06
-9.438799186831188e-06
-3.4726585559216065e-06
-2.4783017840609514e-06
-5.958550485391279e-06
1.5420120108788144e-05
1.8403190424297244e-05
-9.867666263781046e-07
-4.895882403103814e-07
-1.1427512730376225e-05
-3.4726585559040335e-06
-9.867666263592484e-07
-1.1427512730482247e-05
-5.958550485453386e-06
-1.3913404659985732e-05
-2.0376723676778e-05
-4.467015327737371e-06
-1.9811233981977813e-06
-2.9754801700129088e-06
-2.286261560630035e-05
1.0448336249618238e-05
-7.947264029125581e-06
2.039190396793465e-05
-2.4783017840632282e-06
-5.461372099553154e-06
-1.7890831747243938e-05
-3.4726585558565544e-06
-1.7890831747291758e-05
-1.5902118203647524e-05
-1.9879545290926227e-05
-1.0930334344542319e-05
-2.47830178409055e-06
-2.3359793992239626e-05
-2.4783017841012795e-06
3.985017232756691e-06
-8.444442415019981e-06
-6.952907257287053e-06
-4.96419371362233e-06
-1.1924691116393875e-05
1.6911655266544487e-05
1.0019469173188022e-06
-6.9529072572906224e-06
-1.3913404660026715e-05
-6.455728871341597e-06
-7.4500856431482585e-06
9.951157863722547e-06
-1.4410583045832635e-05
-4.96419371364087e-06
-7.94726402900265e-06
-5.958550485313867e-06
-8.444442415027774e-06
7.590145585658212e-09
-7.947264029090128e-06
2.4934820750507498e-06
7.465265934169928e-06
1.0019469172709889e-06
2.9906604609213967e-06
-7.450085643216563e-06
1.996303689150518e-06
-3.472658555646454e-06
5.476552390514009e-06
-7.947264029088512e-06
-8.941620800871438e-06
-1.192469111639355e-05
-1.4907761431839241e-05
-1.0433155958613786e-05
-1.4839450122578676e-06
1.840319042425694e-05
-1.639929658957021e-05
-8.444442414974441e-06
7.590145459777822e-09
1.996303689099127e-06
-5.461372099544363e-06
-1.938236690502338e-05
-1.142751273046371e-05
2.2877795897492458e-05
-8.941620800901343e-06
1.1939871407370013e-05
-2.2365437220458335e-05
-1.8388010133181916e-05
2.4934820750751537e-06
8.956801091876198e-06
-4.467015327725016e-06
-7.947264029125581e-06
-1.441058304587622e-05
-1.441058304593835e-05
-1.1924691116375346e-05
1.5420120108792705e-05
-2.4354150764082067e-05
-8.444442415020303e-06
-9.43879918685331e-06
5.973730776401248e-06
-1.483945012275111e-06
1.9963036891472562e-06
-4.964193713606067e-06
-1.4839450122848643e-06
-6.9529072572955056e-06
-1.2421869502257687e-05
-1.7393653361390866e-05
7.590145549210949e-09
-2.2862615606340358e-05
-1.6896474975452563e-05
-2.3359793992221737e-05
5.9737307764828705e-06
-4.467015327708753e-06
-1.981123398133059e-06
5.973730776456529e-06
-4.895882404498957e-07
4.979374004593602e-06
-1.888518851902361e-05
-1.8885188519059056e-05
2.9906604609376597e-06
-2.478301784098027e-06
-3.969836941816318e-06
1.4991253031982309e-06
7.962444320077668e-06
-2.478301784072006e-06
-1.4839450121950877e-06
-3.472658555924534e-06
4.48219561877173e-06
-5.461372099564204e-06
-1.5902118203630614e-05
8.956801091901248e-06
1.3431406565104898e-05
-1.1427512730464678e-05
-1.5902118203666718e-05
-1.6896474975427193e-05
-7.947264029085262e-06
-1.540493981766141e-05
-2.975480170001195e-06
-7.450085643203232e-06
-2.9754801700226624e-06
-9.438799186812323e-06
1.5420120108784573e-05
1.4991253031800072e-06
-5.958550485454691e-06
5.047685314019819e-07
1.0448336249661158e-05
1.2437049793280017e-05
5.047685313707614e-07
8.459622705982783e-06
-9.867666263637976e-07
1.044833624961368e-05
-1.2919047888193386e-05
-6.455728871388438e-06
4.482195618727829e-06
-9.93597757273241e-06
4.979374004588727e-06
-4.964193713635991e-06
-7.947264029113877e-06
-1.0930334344581355e-05
-6.952907257303312e-06
5.047685314244249e-07
-1.3913404659968178e-05
-1.3913404659980858e-05
-7.947264029122328e-06
-7.947264029063792e-06
1.1442693021490263e-05
-1.2421869502306801e-05
8.956801091875227e-06
-1.4839450121443494e-06
-1.0433155958672983e-05
7.590145505300761e-09
-2.186825883443254e-05
3.985017232776843e-06
-1.4410583045832965e-05
-2.47830178409673e-06
5.476552390520514e-06
-9.438799186842897e-06
-6.9529072572955056e-06
-2.2365437220459632e-05
-1.4907761431793381e-05
-1.9811233981789297e-06
-1.9382366904998014e-05
-6.455728871361112e-06
-7.450085643156065e-06
-9.935977572751275e-06
-3.472658555909893e-06
1.0019469172683868e-06
-1.6896474975455816e-05
5.047685313896175e-07
4.9793740045841735e-06
-3.4726585559209606e-06
8.459622705988637e-06
1.4991253032375919e-06
-9.935977572731754e-06
-2.0873902062742647e-05
-5.461372099439306e-06
-1.1924691116391924e-05
6.968087548248888e-06
-1.1427512730287743e-05
1.499125303248303e-06
1.0019469173171759e-06
-1.0433155958641761e-05
1.2437049793294337e-05
-3.969836941710297e-06
-9.867666262135407e-07
-1.9811233981886786e-06
-1.291904788817907e-05
-1.7393653361391192e-05
7.590145471157427e-09
-1.0433155958669075e-05
-3.969836941833232e-06
-1.8885188519093216e-05
-1.6896474975448016e-05
-1.2919047888098409e-05
1.9963036891869427e-06
-3.472658555841588e-06
-5.461372099561602e-06
-1.590211820363614e-05
-9.867666263260764e-07
5.04768531388967e-07
-1.5404939817653612e-05
-7.947264029061185e-06
-8.44444241499265e-06
9.453979477903277e-06
1.996303689118638e-06
-2.1868258834504097e-05
-2.4783017840853417e-06
1.4991253031832733e-06
-9.935977572742162e-06
-7.450085643133951e-06
-2.485132914997581e-05
-3.578925363989431e-05
4.482195618695299e-06
-6.952907257291612e-06
1.996303689120915e-06
-1.3416226274086146e-05
-1.1924691116279055e-05
-1.6399296589484024e-05
-2.4783017840882597e-06
-4.964193713597939e-06
-3.4794896868081144e-05
-1.4839450122500567e-06
-1.98795452908989e-05
-5.958550485479086e-06
5.9737307763986416e-06
-9.935977572764614e-06
-4.96419371364185e-06
1.790601203834011e-05
-1.739365336136581e-05
-4.467015327578671e-06
-2.882875623718034e-05
-2.975480169892233e-06
-2.9754801699888353e-06
-7.450085643102069e-06
-1.981123398159414e-06
7.590145504659274e-09
1.001946917347425e-06
1.996303689091962e-06
-1.3913404659991592e-05
-8.941620800867201e-06
9.453979477861007e-06
-7.450085643215262e-06
-8.941620800931603e-06
-3.969836941817935e-06
-1.8885188519098094e-05
1.2934228179432307e-05
3.487838846842784e-06
-2.1868258834488806e-05
7.590145549545244e-09
-9.935977572746725e-06
-5.95855048545241e-06
-1.1924691116357121e-05
-1.8885188519083776e-05
1.4991253032545054e-06
7.59014549099381e-09
7.4652659341572565e-06
9.951157863704652e-06
1.001946917306117e-06
-4.895882404638773e-07
-9.438799186813624e-06
5.047685316101284e-07
5.047685313954722e-07
-4.9641937136106246e-06
8.459622706010105e-06
-5.958550485477785e-06
-5.461372099566156e-06
-4.895882404599833e-07
-1.1924691116348014e-05
-7.450085643204858e-06
4.97937400465181e-06
-5.958550485481684e-06
-2.087390206269711e-05
-8.444442414972159e-06
4.482195618765542e-06
1.2934228179397201e-05
1.1939871407435729e-05
-6.952907257252571e-06
1.996303689151155e-06
-4.964193713656482e-06
-3.47265855581526e-06
3.4878388468330264e-06
-8.444442414969882e-06
2.4934820750653823e-06
1.4425763337014007e-05
2.990660460940917e-06
-1.0433155958638509e-05
-5.461372099557694e-06
5.973730776412293e-06
-8.444442414931832e-06
5.047685314084826e-07
-8.444442415003714e-06
3.985017232838643e-06
-3.4726585559020866e-06
1.4922941722920102e-05
-5.958550485439075e-06
-6.952907257254523e-06
1.4991253032375739e-06
2.990660461117845e-06
1.591729849468645e-05
1.0945514635539942e-05
-2.3856972378112227e-05
3.985017232824977e-06
1.996303689110186e-06
-1.0433155958529221e-05
-1.9879545290907687e-05
-2.684004269356019e-05
-6.952907257302657e-06
-4.964193713653555e-06
-1.3416226274101439e-05
5.047685314101043e-07
1.996303689095224e-06
1.4991253032301109e-06
2.9906604609214056e-06
-4.467015327754935e-06
-1.2421869502308428e-05
1.6414476880639695e-05
6.470909162328477e-06
-5.958550485345083e-06
1.9894725582022386e-05
-2.236543722042158e-05
-4.895882404365645e-07
-4.4670153277416044e-06
-1.3416226274123551e-05
1.9963036891153854e-06
-5.461372099570718e-06
-2.478301784110391e-06
7.465265934165722e-06
-1.6896474975465245e-05
-1.838801013312727e-05
1.99630368913945e-06
-1.3913404660035827e-05
-8.941620800875332e-06
-2.7337221079524827e-05
4.4821956186988945e-06
-1.6896474975481837e-05
2.1386260739750444e-05
-1.5902118203607527e-05
5.476552390495464e-06
-4.895882404551044e-07
-3.4726585558074468e-06
-4.895882403835561e-07
3.487838846833686e-06
-1.5404939817693297e-05
-9.935977572744122e-06
-1.7393653361364846e-05
-7.947264029102172e-06
5.476552390490599e-06
-1.4839450121537864e-06
-9.438799186792812e-06
3.487838846854819e-06
-2.0376723676824188e-05
-2.2862615606354347e-05
-2.47830178410778e-06
-7.45008564316257e-06
-3.4726585559219318e-06
1.0019469173763777e-06
-1.4907761431748812e-05
-7.947264029122328e-06
8.956801091893117e-06
-8.941620800891924e-06
1.0019469173171712e-06
-1.0433155958622242e-05
-1.2919047888198586e-05
2.6855222984911337e-05
-2.4783017840541256e-06
-6.952907257251595e-06
-1.88851885191046e-05
1.1939871407388878e-05
-2.9754801699676887e-06
-3.472658555913796e-06
-1.5404939817740128e-05
-2.1868258834497592e-05
-1.540493981775802e-05
-6.952907257298103e-06
-8.444442414953624e-06
-7.450085643156065e-06
-1.2421869502283383e-05
-1.5404939817745986e-05
-2.4783017841045274e-06
-1.4839450122448481e-06
7.962444320057502e-06
-4.467015327681431e-06
-1.5404939817738173e-05
-1.0930334344579404e-05
6.470909162344076e-06
-8.941620800944613e-06
1.6414476880722962e-05
1.1442693021461325e-05
1.996303689096525e-06
1.4991253031881433e-06
-4.467015327649244e-06
2.990660460973777e-06
-2.4851329149991415e-05
-6.4557288713376935e-06
-3.1811826552632535e-05
-5.461372099549576e-06
7.465265934244426e-06
1.996303689103676e-06
-1.0433155958656078e-05
-8.941620800931603e-06
5.973730776418157e-06
-4.9641937135579256e-06
2.990660460928232e-06
-3.4726585559180286e-06
1.7906012038362224e-05
2.0889082353863515e-05
-1.3913404660032574e-05
2.9906604610092035e-06
8.956801091920103e-06
1.4991253032157905e-06
-1.789083174727744e-05
-8.941620800908179e-06
1.4991253032766096e-06
-8.941620800921194e-06
-4.895882403981838e-07
-1.6896474975407684e-05
-1.689647497547046e-05
1.996303689119939e-06
-1.3416226274114444e-05
8.95680109187262e-06
2.9906604609487186e-06
7.590145451316527e-09
-2.9754801700187635e-06
-1.5902118203645248e-05
2.4934820750400255e-06
2.990660460930513e-06
-5.4613720995739525e-06
1.6414476880635806e-05
-1.483945012232818e-06
-8.941620800927694e-06
-1.4839450122682669e-06
-1.9811233981646094e-06
-1.34162262740341e-05
-5.95855048544721e-06
2.13862607397797e-05
9.951157863741077e-06
-1.4410583045898983e-05
-1.1924691116400055e-05
1.996303689096525e-06
-1.9382366905010695e-05
4.482195618680025e-06
1.0448336249651086e-05
-9.438799186822089e-06
-2.478301784093148e-06
-1.8388010133111324e-05
-1.1427512730488102e-05
-1.9382366904957674e-05
1.3928584951049039e-05
-7.947264029113877e-06
1.293422817922255e-05
-2.975480169990145e-06
-5.4613720995498926e-06
-9.867666263540442e-07
-1.9811233981603763e-06
-1.739365336137427e-05
-1.2421869502283383e-05
-2.975480169954362e-06
-4.964193713656482e-06
-1.9811233981919355e-06
3.487838846897428e-06
-1.2421869502279151e-05
-2.975480169993389e-06
-5.461372099572661e-06
1.2437049793407836e-05
-9.935977572712897e-06
-1.4839450122162343e-06
-5.461372099530377e-06
-1.5902118203659562e-05
2.0391903967998395e-05
-1.6399296589576717e-05
2.9906604609425433e-06
5.047685314000168e-07
-5.958550485467706e-06
5.476552390514654e-06
-1.192469111638574e-05
-1.8388010133197196e-05
8.956801091912632e-06
-8.941620800882158e-06
-9.867666263598944e-07
-8.941620800929654e-06
5.047685313619703e-07
-7.450085643195421e-06
-4.964193713656807e-06
2.9906604609373344e-06
-6.455728871375749e-06
6.470909162341496e-06
-9.935977572731117e-06
6.470909162315471e-06
9.9511578637183e-06
-9.438799186825984e-06
-3.472658555869886e-06
1.4991253031878316e-06
-8.444442415022905e-06
5.047685314455669e-07
5.047685314032784e-07
-4.964193713649652e-06
-1.5404939817716712e-05
-1.4907761431849645e-05
1.1442693021440834e-05
-3.96983694180005e-06
-4.964193713578424e-06
-1.4839450122562367e-06
3.985017232899128e-06
5.047685313593682e-07
1.49229417228567e-05
-1.3913404660020865e-05
-1.689647497546428e-05
-5.461372099413301e-06
3.4878388468339975e-06
2.3872152669329708e-05
1.99630368921459e-06
7.465265934130905e-06
-1.3416226274113135e-05
-2.335979399226337e-05
8.459622705975632e-06
-1.4839450122682669e-06
9.453979477815462e-06
1.4991253033127135e-06
-4.964193713593065e-06
3.487838846897428e-06
-2.9754801699947035e-06
-6.952907257246066e-06
3.4878388468792223e-06
1.4991253031881433e-06
-3.96983694181176e-06
4.979374004647256e-06
-9.935977572756482e-06
-1.4907761431846722e-05
-5.461372099544363e-06
8.956801091898646e-06
5.9737307764805895e-06
-1.938236690502208e-05
-2.47830178409055e-06
-1.3913404659930437e-05
-1.0433155958669083e-05
7.465265934267181e-06
-6.4557288713454955e-06
2.2380617511725574e-05
5.047685313727039e-07
-1.8885188519113375e-05
4.482195618695299e-06
1.6414476880702146e-05
-8.444442415025171e-06
-2.037672367681052e-05
5.4765523905588856e-06
1.8403190424369788e-05
1.5420120108758888e-05
-1.3416226274096555e-05
6.470909162308306e-06
6.47090916232718e-06
-1.98112339814185e-06
1.0019469173113212e-06
-1.981123398180226e-06
6.9680875482498506e-06
-4.467015327733802e-06
-1.5902118203604925e-05
-6.95290725730136e-06
1.499125303232058e-06
-1.490776143180638e-05
4.979374004575707e-06
-1.483945012184038e-06
-3.472658555897533e-06
-4.964193713645757e-06
6.4709091623255446e-06
-1.6896474975453532e-05
-5.461372099562907e-06
1.144269302144864e-05
1.4922941722858972e-05
-6.4557288713376935e-06
3.9850172327680656e-06
2.4934820750078247e-06
-1.7393653361325814e-05
7.465265934167014e-06
-1.3416226274104686e-05
-1.9811233981769646e-06
-9.935977572741512e-06
-4.467015327733477e-06
-6.952907257276645e-06
-1.043315595865737e-05
-6.455728871394289e-06
1.144269302148865e-05
4.482195618661155e-06
-3.969836941843635e-06
-4.467015327749736e-06
6.470909162305717e-06
-8.444442414984194e-06
3.48783884684474e-06
6.470909162320671e-06
-1.4839450122367302e-06
-1.9811233981880324e-06
-5.958550485468031e-06
-1.0433155958647613e-05
-7.4500856432045285e-06
-1.0433155958622242e-05
-1.2421869502298016e-05
-2.9754801699468855e-06
8.95680109190384e-06
-1.739365336137135e-05
-2.4783017840433784e-06
2.4934820751131956e-06
5.973730776436042e-06
-1.4410583045940622e-05
-3.4726585559167322e-06
-2.4783017841064837e-06
7.962444320051652e-06
1.9963036891560383e-06
-1.242186950229867e-05
-1.6896474975448016e-05
-7.450085643147604e-06
-1.4410583045943874e-05
1.6414476880636456e-05
8.459622706133045e-06
-1.93823669050172e-05
-4.964193713627534e-06
6.470909162418877e-06
3.985017232744651e-06
1.4922941722852792e-05
-2.037672367679134e-05
-2.2862615606324742e-05
-6.455728871386483e-06
5.476552390514004e-06
-6.455728871392667e-06
-1.4907761431852252e-05
7.590145478972719e-09
-1.838801013317899e-05
4.979374004618647e-06
-1.483945012275111e-06
4.4821956186598675e-06
-3.96983694180005e-06
-5.958550485481033e-06
-1.6896474975306203e-05
3.985017232744981e-06
-8.941620800931603e-06
1.144269302144181e-05
-1.4839450122790096e-06
-8.444442415030711e-06
2.4934820750764547e-06
-2.2862615606343285e-05
-8.444442415022905e-06
1.0019469173386475e-06
5.476552390490265e-06
3.487838846834982e-06
-9.935977572762008e-06
2.9838293300381084e-05
-1.540493981770305e-05
-9.867666263429809e-07
-4.46701532775428e-06
-2.975480169962168e-06
-3.4726585558194746e-06
-2.137108044864744e-05
-1.2421869502290218e-05
1.0448336249638062e-05
-4.895882403454825e-07
-1.639929658955851e-05
-1.4907761431822982e-05
1.49912530319173e-06
2.990660460989706e-06
3.985017232743675e-06
-1.093033434452769e-05
-1.09303343445433e-05
6.968087548287906e-06
-1.1427512730416548e-05
2.990660460939616e-06
1.144269302144863e-05
-3.9698369418228186e-06
1.4991253032157905e-06
-1.0433155958641758e-05
-1.987954529089012e-05
1.0019469172807511e-06
2.99066046093962e-06
-2.9754801700116077e-06
7.962444320069843e-06
5.047685313961227e-07
2.4369331055244565e-05
-5.461372099473126e-06
-3.4726585557420673e-06
-1.689647497546558e-05
2.493482075027661e-06
5.047685313879912e-07
1.4991253031943368e-06
-2.975480169915665e-06
-1.2919047888164113e-05
-1.1427512730459479e-05
-2.975480170008351e-06
-3.4726585559131455e-06
-6.455728871383876e-06
7.46526593423465e-06
-7.45008564319249e-06
6.9680875482215664e-06
-3.969836941735003e-06
8.95680109187328e-06
-7.94726402912429e-06
-1.490776143184379e-05
-1.739365336139347e-05
-1.7890831747298907e-05
9.951157863709862e-06
-1.4839450122614364e-06
-4.4670153275890724e-06
-4.467015327702248e-06
1.0448336249621482e-05
2.9906604609526263e-06
3.985017232771002e-06
4.979374004606919e-06
-1.2421869502123034e-05
-1.4410583045867114e-05
-4.964193713586226e-06
-1.483945012255261e-06
7.962444320058152e-06
-3.4726585558243536e-06
-2.9754801700200603e-06
-1.4410583045943874e-05
2.9906604609175024e-06
-1.4839450122542851e-06
-7.450085643202256e-06
-8.941620800931603e-06
-4.964193713645757e-06
-2.0376723676830046e-05
-4.964193713635991e-06
-4.895882403376853e-07
8.956801091875227e-06
3.4878388469689853e-06
-1.3913404659973053e-05
-1.981123398180226e-06
-1.981123398188683e-06
-7.450085643198023e-06
7.465265934158223e-06
-8.44444241500989e-06
7.59014546888512e-09
-2.4783017838355593e-06
1.4991253032066876e-06
-4.895882403747695e-07
-1.639929658957151e-05
4.9793740045666e-06
-3.472658555917708e-06
6.470909162384426e-06
-1.1427512730414596e-05
-6.95290725730591e-06
-5.4613720995420905e-06
-1.7890831747284602e-05
-5.461372099566156e-06
-2.1371080448620123e-05
-4.4670153275949254e-06
6.968087548248888e-06
-2.478301784065496e-06
-9.867666263540442e-07
1.9963036891153854e-06
-1.9811233981977813e-06
-5.461372099476388e-06
-1.6896474975444106e-05
-4.467015327717214e-06
1.0019469173035194e-06
1.0945514635588076e-05
2.493482075051735e-06
-8.9416208009277e-06
-1.3913404659922638e-05
-1.2919047888207698e-05
1.4991253032261988e-06
7.962444320076687e-06
-6.952907257255824e-06
4.482195618709936e-06
1.4425763337004254e-05
1.6414476880690433e-05
-2.0873902062670764e-05
-1.9811233981672068e-06
-8.444442414980941e-06
-1.9879545290904106e-05
-9.935977572755178e-06
2.990660460934746e-06
-1.483945012245833e-06
3.4878388469683255e-06
-9.438799186849402e-06
-5.461372099497846e-06
4.979374004574095e-06
5.04768531436446e-07
-8.444442415019981e-06
-7.450085643195421e-06
-9.438799186849402e-06
-2.28626156063628e-05
1.939754719617091e-05
-1.9879545290901832e-05
-1.5902118203625735e-05
5.047685313648931e-07
-4.964193713656802e-06
2.493482075209798e-06
-2.9823113009046205e-05
2.493482075016611e-06
7.590145453272609e-09
2.4934820750751537e-06
-2.0873902062735816e-05
1.499125303181647e-06
3.985017232784003e-06
1.0019469173084027e-06
5.4765523904944975e-06
4.4821956186546455e-06
-2.478301784087614e-06
3.4878388469312504e-06
4.482195618710595e-06
-9.438799186806468e-06
-2.1371080448560593e-05
7.962444320087426e-06
-1.9382366904977847e-05
-8.941620800945263e-06
-9.935977572751603e-06
-5.461372099519318e-06
1.9397547196112373e-05
-6.455728871369248e-06
-5.461372099565505e-06
-1.739365336137427e-05
8.95680109192075e-06
5.476552390494172e-06
-1.3913404660028671e-05
1.4991253031819723e-06
-9.935977572748022e-06
-1.9382366904981093e-05
-2.0376723676737018e-05
8.459622706007824e-06
-9.935977572613373e-06
-4.467015327714608e-06
-2.4354150764056053e-05
3.98501723284124e-06
-2.1868258834510928e-05
-9.438799186760613e-06
-2.38569723781828e-05
-1.2919047888201838e-05
-1.291904788821095e-05
-1.8885188519077596e-05
-1.6896474975472086e-05
-1.5902118203662815e-05
5.476552390556934e-06
7.590145494250933e-09
-3.4726585557459793e-06
-5.95855048537695e-06
-2.8828756237241166e-05
-1.2421869502308428e-05
-1.2421869502301922e-05
-8.941620800873056e-06
1.740883365242034e-05
-7.947264029069646e-06
-2.335979399223638e-05
7.590145456516181e-09
4.979374004667413e-06
-1.0930334344563144e-05
-1.981123398164284e-06
3.4878388468740135e-06
-1.2919047888141014e-05
7.465265934392072e-06
1.939754719613255e-05
-2.975480170008351e-06
-6.4557288713601365e-06
-2.186825883455126e-05
3.4878388468362743e-06
-4.467015327606632e-06
-9.935977572751603e-06
-9.438799186829892e-06
-1.9879545290922646e-05
-1.192469111639355e-05
-2.4783017840368868e-06
-6.952907257273392e-06
-9.86766626374206e-07
8.956801091898646e-06
-4.467015327696388e-06
2.9906604609331107e-06
-9.43879918685331e-06
-2.4851329149975477e-05
-7.94726402908721e-06
1.499125303248967e-06
1.1442693021447668e-05
-2.33597939921479e-05
1.4991253031803415e-06
2.990660460923353e-06
1.2437049793317427e-05
1.3431406565112694e-05
-4.467015327754619e-06
-2.4783017840947696e-06
7.46526593414425e-06
2.4934820751037766e-06
-1.9811233981359906e-06
-2.9754801699849364e-06
-3.4726585559216065e-06
1.6414476880619855e-05
1.8403190424276448e-05
-7.450085643210058e-06
1.392858495114791e-05
-3.969836941832576e-06
4.482195618743103e-06
-4.964193713623635e-06
1.0448336249627973e-05
-1.1427512730479323e-05
5.973730776413929e-06
-8.941620800860696e-06
7.465265934142299e-06
-1.4839450122790096e-06
6.968087548323675e-06
-4.895882403640404e-07
-3.4726585558855026e-06
5.97373077644547e-06
-2.7337221079501412e-05
-2.5845685921759703e-05
-2.478301784042737e-06
-2.4354150764008883e-05
-2.5348507535897517e-05
2.088908235383685e-05
-1.7393653361164824e-05
1.9894725582007745e-05
4.4821956186598675e-06
-3.4726585559118444e-06
1.996303689095865e-06
-4.964193713601838e-06
1.3431406565171233e-05
-1.9811233981808677e-06
-8.444442414923697e-06
1.6414476880598713e-05
-1.3416226274112167e-05
-1.0433155958666156e-05
-1.2421869502306801e-05
-4.125821588480251e-05
5.476552390482784e-06
-8.941620800861016e-06
1.996303689114735e-06
-9.935977572688826e-06
7.465265934159849e-06
9.453979477799216e-06
-9.867666263280324e-07
6.968087548230023e-06
8.956801091880432e-06
-1.9811233981886786e-06
3.4878388468675082e-06
-1.1427512730460133e-05
7.590145449369481e-09
-7.4500856432120095e-06
-4.467015327704204e-06
-1.8885188519085403e-05
6.470909162359697e-06
-1.2919047888206392e-05
-2.4783017841045274e-06
-4.4670153277416044e-06
-2.0376723676823537e-05
-1.0433155958649564e-05
-2.4354150764068416e-05
-1.1924691116278094e-05
-1.8885188518986205e-05
-1.590211820363745e-05
-7.450085643210058e-06
-7.450085643105333e-06
-1.0433155958573455e-05
-5.958550485423787e-06
-3.472658555854291e-06
-1.689647497547338e-05
2.337497428341742e-05
-1.3913404659963626e-05
-2.087390206274525e-05
-1.043315595847847e-05
-8.444442415002092e-06
7.465265934219056e-06
1.0019469173093785e-06
-1.7890831747147342e-05
-1.2421869502302573e-05
5.047685313619703e-07
-2.5348507535806112e-05
2.990660460944165e-06
-4.964193713662657e-06
-1.590211820356199e-05
9.951157863738154e-06
-6.9529072572415165e-06
-1.291904788815956e-05
-1.3416226274126148e-05
-5.4613720995583536e-06
5.973730776419458e-06
-1.9879545290883614e-05
7.590145468239117e-09
-6.455728871384531e-06
4.482195618665383e-06
1.0019469173991233e-06
7.465265934143925e-06
7.590145517999479e-09
-6.952907257261028e-06
-9.867666263452621e-07
-5.9585504854764745e-06
-3.4726585559040335e-06
-6.455728871331839e-06
7.590145471491724e-09
1.4425763337035145e-05
-6.9529072572955056e-06
4.482195618859225e-06
-9.935977572662162e-06
-5.95855048547811e-06
-8.444442415015094e-06
7.962444320081563e-06
3.487838846849949e-06
3.985017232803198e-06
-7.947264029075821e-06
1.442576333698734e-05
1.0448336249638395e-05
-2.975480169996e-06
4.979374004568882e-06
-1.8388010133134753e-05
-1.4907761431814511e-05
5.973730776407419e-06
-3.9698369417902976e-06
-1.838801013320111e-05
9.45397947784605e-06
1.9963036891101723e-06
-2.5845685921652035e-05
1.4991253031985561e-06
-3.47265855588843e-06
1.7408833652424907e-05
-2.2862615606346538e-05
-4.895882404365554e-07
-1.1924691116370123e-05
1.499125303240185e-06
-8.444442415031026e-06
-3.4726585559021e-06
7.590145481891028e-09
1.0019469172976647e-06
4.482195618687497e-06
-2.5845685921739862e-05
-4.895882403679435e-07
-1.0433155958674287e-05
1.193987140737262e-05
1.9397547196124083e-05
-2.2365437220415397e-05
7.590145456516181e-09
1.1442693021500997e-05
6.968087548252787e-06
1.8900368810207914e-05
1.0019469172683868e-06
-4.895882403484279e-07
-1.2421869502306481e-05
-8.941620800942982e-06
3.985017232774241e-06
-1.4839450122562367e-06
3.985017232741078e-06
-1.490776143183208e-05
1.4991253032274999e-06
-1.7393653361303693e-05
-1.789083174727093e-05
1.4425763336961979e-05
-6.952907257299743e-06
9.453979477854827e-06
-1.7393653361370368e-05
-1.0433155958650218e-05
9.453979477794008e-06
-1.981123398196485e-06
1.4991253032658806e-06
1.2437049793303124e-05
5.047685313896175e-07
-5.461372099451671e-06
-1.9811233981821777e-06
1.0019469172885618e-06
8.95680109189669e-06
-9.935977572642651e-06
-7.947264029093055e-06
-4.895882404469729e-07
7.465265934167665e-06
6.470909162320671e-06
1.996303689125152e-06
1.9963036891570187e-06
7.962444320078964e-06
-2.087390206271435e-05
2.493482075014009e-06
-8.941620800841834e-06
-4.467015327671678e-06
-1.1924691116394526e-05
1.001946917323672e-06
-9.867666263371262e-07
-9.438799186696535e-06
6.4709091623180636e-06
4.482195618667019e-06
-1.4410583045926635e-05
-9.867666263637976e-07
-1.4410583045922407e-05
-8.941620800908838e-06
-1.3416226274038008e-05
-2.18682588344654e-05
-1.2421869502275243e-05
1.0448336249622778e-05
7.465265934133196e-06
1.499125303232058e-06
-2.975480170022012e-06
1.4991253031943322e-06
4.979374004568882e-06
-1.1427512730461108e-05
8.956801091877824e-06
-3.4726585559209606e-06
-3.472658555923549e-06
-7.94726402911063e-06
-3.472658555874114e-06
1.8900368810163028e-05
4.979374004588727e-06
-1.3416226274094273e-05
1.4922941722844005e-05
-2.4783017841064925e-06
-1.6896474975454515e-05
5.973730776403525e-06
-3.4726585559268018e-06
-6.455728871380628e-06
-1.1427512730445826e-05
-5.46137209945752e-06
-8.941620800934205e-06
-2.975480170014856e-06
6.470909162310913e-06
-1.291904788820509e-05
-1.7890831747279066e-05
8.956801091876198e-06
-2.9754801700187635e-06
1.4991253032844158e-06
-6.9529072572038e-06
-2.4783017841009585e-06
-4.89588240405335e-07
5.973730776412628e-06
-1.3913404660028016e-05
-4.895882404177039e-07
1.0448336249770776e-05
3.985017232744981e-06
-2.478301784069729e-06
4.482195618693022e-06
5.476552390502954e-06
1.0019469173191274e-06
5.973730776413929e-06
-4.467015327695092e-06
7.962444320045142e-06
5.9737307763986416e-06
-6.455728871301594e-06
9.95115786371961e-06
2.4934820750091164e-06
-3.4726585559307184e-06
-1.8885188519115984e-05
-4.895882404645279e-07
-5.461372099531669e-06
2.4934820750374234e-06
-1.2919047888214849e-05
-1.9811233981265627e-06
9.453979477848317e-06
-2.037672367680923e-05
-9.867666263345285e-07
-9.438799186829236e-06
1.2437049793277731e-05
-9.867666263319265e-07
-6.45572887138777e-06
-1.490776143183859e-05
1.001946917293766e-06
-6.9529072572802226e-06
-8.44444241497379e-06
-2.2365437220329203e-05
1.4991253032496312e-06
3.487838846834982e-06
4.979374004594903e-06
-1.4839450122367302e-06
7.9624443200484e-06
-2.478301784085667e-06
-7.947264029112576e-06
-5.4613720995459894e-06
-1.341622627399996e-05
-5.958550485483305e-06
-2.1868258834543454e-05
1.4991253032157905e-06
1.7408833652504244e-05
-2.137108044854302e-05
1.4425763336928807e-05
-2.0873902062703612e-05
3.4878388468635962e-06
2.4934820750312435e-06
4.482195618799716e-06
-1.2919047888195989e-05
-1.1427512730386945e-05
1.0019469172820566e-06
-9.867666263748655e-07
-1.6399296589461578e-05
5.047685313957974e-07
-2.478301784072006e-06
-1.0433155958634936e-05
-9.867666263260718e-07
1.2437049793315145e-05
1.4991253032392002e-06
-1.9382366904986945e-05
-1.9811233981626578e-06
-2.975480169973227e-06
-2.0873902062733864e-05
-2.833157785130287e-05
-1.3416226274102079e-05
7.465265934139042e-06
7.590145505300761e-09
-2.1371080448623043e-05
-9.935977572738915e-06
1.8403190424252372e-05
1.2934228179211816e-05
-1.2919047888147845e-05
-1.981123398100212e-06
-7.450085643107289e-06
7.590145500101108e-09
-9.438799186830868e-06
-8.44444241502323e-06
9.95115786371376e-06
-8.444442415020303e-06
-6.952907257264606e-06
-1.2919047888203461e-05
-3.4726585559033877e-06
-1.4839450122855013e-06
7.590145447743178e-09
-2.78343994654319e-05
6.968087548273287e-06
1.9963036891439994e-06
6.470909162309937e-06
1.9397547196117906e-05
1.8403190424260836e-05
8.956801091923347e-06
-9.867666263595736e-07
-8.444442414941915e-06
-1.1427512730466312e-05
-8.444442415022905e-06
-6.455728871339645e-06
-1.1924691116391924e-05
-7.947264029023788e-06
1.0945514635589377e-05
1.4991253033751547e-06
7.465265934154659e-06
-7.450085643172328e-06
1.1442693021475637e-05
1.9397547196123117e-05
5.476552390521802e-06
6.4709091623528715e-06
8.956801091922697e-06
1.00194691732369e-06
9.453979477834967e-06
7.59014545261757e-09
-1.1924691116401687e-05
-1.1924691116397128e-05
-5.9585504854751786e-06
2.990660460946121e-06
1.4991253032701044e-06
-2.9754801700207197e-06
6.968087548217654e-06
-1.4839450121294077e-06
-6.9529072572180935e-06
1.0945514635568565e-05
-1.0930334344547532e-05
-1.3913404659845548e-05
-5.46137209950436e-06
-8.941620800937772e-06
-2.8828756237211567e-05
-6.9529072572929035e-06
7.96244432004904e-06
-8.444442415000462e-06
-9.438799186854612e-06
-6.952907257295817e-06
9.453979477841817e-06
-1.1427512730441915e-05
2.0391903967922298e-05
1.0019469173005876e-06
-1.981123398188028e-06
-3.9698369418338825e-06
7.590145447417917e-09
-8.44444241491622e-06
-1.2421869502292165e-05
-1.3913404660015005e-05
2.990660461011819e-06
9.453979477785541e-06
-5.461372099514114e-06
-6.455728871383876e-06
-1.1427512730474119e-05
1.3431406565129618e-05
-1.2421869502251832e-05
1.7408833652428803e-05
-4.4670153277243605e-06
-1.2421869502290218e-05
-6.952907257248993e-06
-6.455728871376729e-06
-6.455728871366971e-06
1.996303689125152e-06
1.1939871407360919e-05
7.590145456516181e-09
7.590145463360207e-09
-9.9359775727568e-06
-1.0433155958650865e-05
-4.9641937136603895e-06
7.59014545261757e-09
-3.4726585559167233e-06
-6.455728871382575e-06
-1.1427512730484198e-05
-4.895882404342832e-07
-2.2365437220324978e-05
-6.455728871392328e-06
-1.981123398185096e-06
2.4934820750784016e-06
-1.981123398199733e-06
3.4878388468675082e-06
-4.964193713578433e-06
4.979374004592621e-06
-5.958550485427044e-06
-1.1924691116371763e-05
7.59014555994455e-09
7.590145521572828e-09
-5.461372099508914e-06
2.0889082353957837e-05
-7.450085643158992e-06
-1.2421869502307777e-05
-8.941620800837936e-06
-3.969836941842339e-06
-1.8388010133200124e-05
-4.964193713608669e-06
-1.639929658957249e-05
-1.0930334344553383e-05
1.0945514635530838e-05
-2.0376723676711973e-05
-1.739365336138663e-05
-9.867666263475345e-07
-5.461372099460778e-06
-6.455728871374773e-06
5.973730776453281e-06
8.459622705995153e-06
-1.1427512730416548e-05
-2.478301784032979e-06
-2.0376723676748727e-05
-1.4410583045924038e-05
-8.44444241500632e-06
-1.0930334344547532e-05
-8.941620800859723e-06
1.9963036891414016e-06
-3.4726585559131455e-06
-1.1924691116358747e-05
-2.0376723676737668e-05
-1.5404939817740128e-05
-1.8885188519108828e-05
6.968087548384183e-06
-1.1924691116375346e-05
9.951157863710512e-06
-6.455728871361112e-06
6.968087548221245e-06
1.9963036891225458e-06
-2.0376723676824188e-05
1.691165526652563e-05
-1.4907761431799885e-05
-1.789083174727093e-05
5.476552390595961e-06
1.6911655266515213e-05
-9.935977572638404e-06
-3.969836941803963e-06
-1.888518851904053e-05
-3.472658555697186e-06
1.392858495105685e-05
6.96808754824466e-06
-1.4839450122734802e-06
-1.59021182036433e-05
-1.0433155958613786e-05
-1.242186950226745e-05
-1.0433155958654772e-05
-2.037672367679232e-05
1.0019469173035194e-06
-2.9754801700129134e-06
9.45397947782198e-06
-8.941620800835315e-06
4.4821956187860415e-06
3.487838846853188e-06
-1.981123398196485e-06
4.979374004594903e-06
-4.964193713661365e-06
-7.4500856432055086e-06
-6.95290725729453e-06
-2.4354150764083375e-05
-1.6896474975408985e-05
-6.4557288713289115e-06
2.493482075017903e-06
-1.1427512730423058e-05
1.4991253032190476e-06
4.4821956186585665e-06
-2.4783017841061584e-06
-3.969836941684278e-06
-3.969836941835829e-06
1.2437049793283915e-05
-8.941620800900378e-06
-8.941620800909485e-06
-8.444442415027774e-06
-1.4907761431824608e-05
-1.6399296589510045e-05
-1.5404939817716712e-05
1.7408833652568645e-05
9.95115786374564e-06
2.1386260739757596e-05
7.590145457826258e-09
4.482195618808164e-06
6.968087548317175e-06
8.95680109187912e-06
-9.867666263345285e-07
-1.1924691116398754e-05
-7.947264029069641e-06
-6.9529072572929035e-06
-9.935977572670612e-06
1.001946917356853e-06
4.979374004572776e-06
-1.4410583045936718e-05
-1.2919047888213878e-05
6.470909162432551e-06
2.2877795897519773e-05
-1.4410583045917211e-05
-7.947264029116484e-06
-2.478301784092181e-06
-1.9879545290888168e-05
-4.467015327746483e-06
-9.438799186843878e-06
-1.0930334344552082e-05
7.465265934141644e-06
2.4934820751466974e-06
-2.037672367680533e-05
7.962444320112782e-06
-1.391340466002769e-05
-1.9811233981821734e-06
-1.4839450122796555e-06
-6.455728871249234e-06
-1.3913404659946707e-05
1.3431406565120185e-05
7.590145569697852e-09
-3.4726585559209606e-06
-9.935977572749969e-06
-3.4726585559167233e-06
7.590145589224785e-09
-4.89588240423545e-07
-9.438799186855262e-06
-1.981123398196485e-06
-9.935977572763638e-06
5.047685313746465e-07
-8.94162080091697e-06
1.4991253032545054e-06
-4.895882404547746e-07
-6.95290725730591e-06
-5.958550485468023e-06
8.4596227059896e-06
-1.3416226274124847e-05
3.48783884691693e-06
3.4878388468466962e-06
9.951157863728076e-06
6.470909162333672e-06
-1.2919047888191435e-05
-1.9382366905015578e-05
6.470909162423448e-06
4.979374004598471e-06
-2.9754801700015158e-06
7.465265934137749e-06
-5.461372099538183e-06
-7.947264029052077e-06
-2.236543722045638e-05
-2.4783017840726565e-06
-8.444442415009564e-06
-2.975480170021036e-06
-2.9754801700171283e-06
-5.4613720994809415e-06
6.4709091623571e-06
-5.461372099508914e-06
-6.455728871366967e-06
1.691165526650936e-05
5.047685314169394e-07
-7.947264029112576e-06
6.47090916239937e-06
-9.867666263533892e-07
5.973730776401244e-06
1.499125303186517e-06
5.973730776492949e-06
7.590145465627996e-09
-1.4839450122731502e-06
-5.9585504854823385e-06
3.4878388468740135e-06
-2.634286430767328e-05
-1.9811233981574536e-06
-6.455728871369244e-06
-9.438799186799643e-06
-1.3913404660010457e-05
-1.3416226274088749e-05
-9.935977572591906e-06
-1.1427512730437364e-05
-7.4500856431720025e-06
6.470909162434814e-06
-6.952907257267533e-06
3.985017232831482e-06
1.5420120108760185e-05
-7.947264029091109e-06
-1.6399296589515575e-05
9.951157863714722e-06
1.499125303193352e-06
-1.483945012286486e-06
1.5420120108758888e-05
-8.444442415015419e-06
2.4934820750244083e-06
5.973730776395385e-06
-5.958550485481033e-06
-1.590211820363224e-05
7.59014546594874e-09
1.641447688064621e-05
1.2437049793291414e-05
2.493482075098559e-06
-8.444442415007292e-06
1.1442693021495147e-05
3.9850172327651475e-06
5.047685313831123e-07
-1.9382366904919304e-05
-8.444442415031026e-06
7.465265934137085e-06
1.8900368810164973e-05
1.9397547196093518e-05
-3.96983694183063e-06
-2.087390206262653e-05
-1.4839450122809612e-06
6.470909162304403e-06
-3.96983694183779e-06
1.0019469172703428e-06
-8.444442415002408e-06
8.459622705999042e-06
1.7906012038375872e-05
-3.472658555913796e-06
1.5917298494679278e-05
2.9906604609526263e-06
-4.895882404551044e-07
1.1442693021469135e-05
-1.5404939817702397e-05
1.001946917276848e-06
-1.4839450122848643e-06
1.9963036890988153e-06
3.985017232765473e-06
-3.969836941800706e-06
-5.958550485463789e-06
-1.5902118203622815e-05
5.97373077653784e-06
2.1386260739795306e-05
2.493482075006189e-06
3.487838846904579e-06
2.0889082353845287e-05
4.4821956186683065e-06
-4.895882403650162e-07
-1.0433155958649564e-05
-1.8388010133165975e-05
7.590145461724868e-09
1.144269302145546e-05
-2.4354150764056046e-05
7.59014550987248e-09
8.45962270599222e-06
2.337497428341124e-05
-1.7890831747300865e-05
-1.3416226274125508e-05
7.590145520606082e-09
4.9793740046000935e-06
-1.3913404659987693e-05
-3.472658555928437e-06
-4.964193713640874e-06
8.459622705963918e-06
-1.0930334344559892e-05
7.465265934132541e-06
-3.969836941839082e-06
-9.867666263611955e-07
-1.540493981774793e-05
-2.1868258834554187e-05
-5.461372099426295e-06
-1.0433155958666156e-05
-1.9879545290925248e-05
1.0019469173230214e-06
-1.590211820365403e-05
-2.137108044864874e-05
-1.4839450122711942e-06
-3.47265855580386e-06
-1.5404939817749885e-05
9.951157863714744e-06
-1.9811233980696375e-06
-2.5845685921794506e-05
1.7906012038411654e-05
-5.958550485458265e-06
-1.242186950228599e-05
-5.958550485442002e-06
5.476552390504902e-06
-1.0930334344450618e-05
2.493482075049128e-06
-7.947264029102172e-06
-1.6399296589530526e-05
-1.483945012281607e-06
-5.461372099541761e-06
-8.94162080092314e-06
-2.9754801700116077e-06
-6.455728871374773e-06
-6.952907257296811e-06
-1.9879545290888165e-05
-1.1427512730473799e-05
2.4934820750224568e-06
-9.935977572621511e-06
-1.4839450122555862e-06
2.99066046101897e-06
-1.5404939817711183e-05
3.4878388468401864e-06
-1.192469111637501e-05
1.2437049793294337e-05
-8.444442415019981e-06
1.0019469173093696e-06
-2.0376723676833298e-05
-7.947264029085254e-06
-1.2421869502251192e-05
-4.467015327739982e-06
3.4878388468740135e-06
1.00194691729181e-06
-6.45572887134095e-06
-2.4354150764068406e-05
-1.192469111639973e-05
-2.478301784085012e-06
-4.467015327749744e-06
-1.3913404660020865e-05
-1.4839450122523427e-06
-2.3359793992267595e-05
3.4878388468492894e-06
-5.461372099521924e-06
-2.5348507535866618e-05
-2.9754801699807037e-06
1.4991253032089645e-06
-4.467015327706471e-06
-1.291904788821745e-05
3.9850172327742455e-06
-8.941620800820365e-06
-5.461372099529076e-06
-3.081746978080766e-05
-3.969836941785748e-06
-1.6399296589544198e-05
-7.450085643181435e-06
-1.1427512730487454e-05
-1.2919047888188177e-05
-9.438799186831843e-06
1.6911655266536684e-05
1.5420120108783255e-05
-9.86766626251587e-07
-1.639929658956761e-05
-8.941620800888668e-06
-8.94162080092249e-06
1.9963036891804375e-06
-1.987954529092232e-05
3.9850172327859456e-06
-5.958550485390611e-06
1.2437049793341491e-05
1.044833624961303e-05
-1.1924691116260835e-05
2.0889082353853113e-05
4.979374004567251e-06
7.465265934147507e-06
1.392858495102727e-05
-2.9754801699742028e-06
-1.0930334344515002e-05
5.476552390495464e-06
6.968087548234256e-06
-4.9641937136320875e-06
-5.461372099567465e-06
-1.4907761431804108e-05
-2.833157785126514e-05
-4.467015327745177e-06
4.482195618781493e-06
-1.981123398153871e-06
1.2437049793276119e-05
-3.969836941766223e-06
-1.0433155958669075e-05
-2.2365437220412473e-05
2.9906604609802735e-06
-1.5404939817755744e-05
-9.86766626374206e-07
6.968087548248888e-06
-4.467015327733802e-06
-2.9754801699816838e-06
-2.335979399221881e-05
-1.0433155958673637e-05
-1.5902118203666068e-05
9.45397947783433e-06
2.387215266934465e-05
1.3928584951071482e-05
-2.8331577851283354e-05
8.459622705963923e-06
6.968087548224164e-06
2.9906604609799347e-06
-2.9754801698828024e-06
-1.4839450122214473e-06
-9.438799186837051e-06
-4.964193713602818e-06
1.0019469172722899e-06
-1.888518851911208e-05
-3.6286432025792614e-05
5.476552390526689e-06
-1.987954529072229e-05
-9.86766626366088e-07
-1.1427512730432807e-05
-1.483945012042884e-06
1.4425763337032227e-05
-6.455728871348748e-06
-4.467015327749736e-06
-7.450085643158992e-06
5.047685314686423e-07
6.968087548226455e-06
3.4878388468470126e-06
1.996303689099127e-06
4.979374004598471e-06
9.453979477882466e-06
-1.1924691116256619e-05
-1.2919047888179726e-05
-1.4839450122113507e-06
-7.947264029078749e-06
-2.9754801700129134e-06
5.973730776410992e-06
-4.9641937136633126e-06
-7.947264029114527e-06
-1.2421869502255732e-05
-2.4354150763946433e-05
1.9963036891079044e-06
-4.895882404625718e-07
-1.5902118203504745e-05
-2.9754801700109483e-06
3.4878388468313954e-06
-2.982311300903547e-05
-4.467015327730871e-06
7.590145459777822e-09
8.95680109187262e-06
7.590145471491724e-09
5.973730776490686e-06
-3.9698369417659115e-06
-1.4839450121638718e-06
-1.4410583045870685e-05
-1.093033434457095e-05
1.392858495110432e-05
2.493482075015631e-06
5.4765523905491235e-06
-5.4613720995186675e-06
-1.3416226274103385e-05
-9.867666263592484e-07
7.59014545457817e-09
3.985017232742045e-06
2.0391903968064762e-05
1.9963036891387952e-06
-1.0433155958673637e-05
-1.4907761431840217e-05
1.001946917352295e-06
-1.689647497547208e-05
6.968087548226129e-06
2.493482075013029e-06
-1.9811233981997464e-06
-1.4907761431752065e-05
-1.341622627407736e-05
-9.935977572760385e-06
4.9793740045919704e-06
-1.3416226274105342e-05
1.2437049793270598e-05
-1.490776143178395e-05
-5.461372099575263e-06
7.465265934190424e-06
1.499125303189774e-06
-4.4670153276606145e-06
-5.461372099546644e-06
-1.3913404659985732e-05
2.990660460916197e-06
-3.4726585559092424e-06
-1.9811233980865603e-06
1.996303689180433e-06
7.465265934158562e-06
2.4934820750458844e-06
-1.4839450122874528e-06
-7.947264028974348e-06
-7.947264029106716e-06
-7.450085643193149e-06
-1.2421869502238175e-05
-1.9811233981457442e-06
2.4934820750627844e-06
-1.0433155958483698e-05
-2.4783017841051733e-06
5.476552390482449e-06
-4.964193713547199e-06
-1.9879545290852396e-05
-4.964193713653559e-06
-9.935977572587675e-06
2.4934820750335203e-06
-1.0930334344559241e-05
-7.947264029126237e-06
-1.1924691116336636e-05
-8.44444241496793e-06
-1.4907761431821992e-05
1.4991253032314075e-06
6.968087548265481e-06
7.465265934139042e-06
-2.385697237815808e-05
1.4991253032958046e-06
-5.461372099565505e-06
6.968087548243671e-06
1.1939871407455236e-05
1.989472558200482e-05
-1.4839450121931408e-06
-3.969836941764272e-06
-1.192469111628655e-05
1.1939871407423342e-05
9.45397947783954e-06
-4.4670153276768776e-06
-6.952907257285418e-06
6.470909162342146e-06
-4.467015327733802e-06
7.962444320179466e-06
-8.444442415012171e-06
6.470909162335633e-06
1.9397547196227187e-05
1.0019469172781446e-06
-7.947264029100875e-06
-1.2421869502251187e-05
-1.490776143185095e-05
-1.5404939817756716e-05
-2.335979399223572e-05
-2.975480169993389e-06
1.4425763337004254e-05
-2.97548016997713e-06
-1.2919047888204437e-05
-6.952907257306235e-06
-6.455728871348427e-06
-2.975480170009656e-06
-9.867666263663996e-07
-8.941620800934859e-06
9.453979477866857e-06
-9.8676662626069e-07
9.951157863702059e-06
7.962444320174252e-06
-1.9879545290901832e-05
7.590145487750238e-09
1.0019469173210834e-06
-1.9811233980823184e-06
-2.485132914995368e-05
-2.0873902062722155e-05
-6.952907257302011e-06
-9.43879918684648e-06
-1.6399296589501253e-05
-2.9754801700174535e-06
-1.0433155958665822e-05
-1.8388010133205328e-05
1.790601203835409e-05
-2.47830178409673e-06
-6.952907257277607e-06
1.4991253032236056e-06
-7.450085643162895e-06
-4.467015327559133e-06
-4.4670153277451865e-06
-1.9811233981646094e-06
4.48219561870085e-06
-2.385697237809954e-05
7.962444320117341e-06
-3.472658555932652e-06
-8.444442415031026e-06
-9.438799186799643e-06
7.590145505300761e-09
-1.4839450122617617e-06
-6.952907257257125e-06
-1.8885188519093216e-05
-2.9754801699992436e-06
-3.9698369417659115e-06
-1.093033434455013e-05
-1.192469111635615e-05
1.5420120108770584e-05
-7.450085643187294e-06
-2.435415076408792e-05
-8.44444241502843e-06
1.4991253031826228e-06
-1.9811233981301453e-06
-9.438799186825347e-06
-7.450085643104676e-06
-1.3913404659987693e-05
-2.8828756237210595e-05
-8.444442414918498e-06
-1.5404939817755744e-05
-5.461372099562907e-06
-3.4726585559294085e-06
-1.9811233981977813e-06
7.590145512470048e-09
4.482195618663762e-06
7.46526593415952e-06
6.968087548234256e-06
-8.44444241499331e-06
-1.98112339817111e-06
-8.444442415016725e-06
-9.867666263046001e-07
-1.7393653361336216e-05
1.044833624961953e-05
-1.5404939817710854e-05
-6.4557288713289115e-06
1.243704979335124e-05
-1.3913404659985732e-05
1.09455146356902e-05
-3.969836941836154e-06
5.047685314280028e-07
-8.444442414984194e-06
-2.9754801699699744e-06
-1.4839450122838838e-06
-1.4839450119690497e-06
2.039190396797791e-05
1.691165526651946e-05
4.482195618710595e-06
-2.975480170008351e-06
2.4934820750198682e-06
-3.969836941552547e-06
7.59014547603182e-09
9.951157863722547e-06
-1.1427512730448103e-05
-1.1924691116384765e-05
-6.952907257302657e-06
4.979374004582213e-06
-1.3913404659993543e-05
4.97937400457311e-06
-2.286261560632475e-05
-1.0433155958536382e-05
-2.478301784095429e-06
-3.969836941839082e-06
-1.341622627403183e-05
6.470909162343755e-06
-7.947264029046231e-06
-7.947264029062811e-06
-1.2421869502288917e-05
6.968087548246923e-06
-3.472658555820125e-06
4.482195618663112e-06
-6.952907257272412e-06
2.493482075030263e-06
-3.4726585559177034e-06
1.0019469172732657e-06
3.985017232744981e-06
5.476552390599539e-06
-2.9754801700002283e-06
8.956801091884013e-06
-1.1427512730464678e-05
-1.4839450122874528e-06
-5.958550485461522e-06
1.7906012038368062e-05
7.590145455874694e-09
-3.4726585558903772e-06
-4.895882403571964e-07
6.470909162305053e-06
3.4878388468304243e-06
-1.6399296589514274e-05
-9.935977572736963e-06
-1.192469111635615e-05
-2.4783017840632282e-06
-6.952907257306235e-06
1.1939871407356687e-05
4.482195618765225e-06
-4.467015327672324e-06
1.243704979332165e-05
-2.4783017840983564e-06
-1.9879545290829624e-05
-8.941620800924772e-06
-2.435415076405084e-05
1.996303689116691e-06
1.49912530319824e-06
-2.38569723781428e-05
5.476552390537423e-06
-8.9416208009355e-06
-9.867666263703028e-07
-5.958550485391279e-06
-1.3913404660000374e-05
-1.291904788806036e-05
7.59014548450215e-09
-9.438799186815259e-06
-9.935977572727856e-06
-4.895882403848481e-07
-5.958550485366216e-06
-9.438799186843553e-06
-8.444442415015099e-06
1.9963036891472562e-06
-2.9754801699950194e-06
-4.89588240464537e-07
7.5901456347545e-09
1.1442693021448301e-05
-7.947264029113877e-06
-1.1427512730461108e-05
-8.941620800945263e-06
1.492294172288531e-05
-2.7337221079512142e-05
-1.6399296589576066e-05
-1.0930334344550134e-05
4.979374004617346e-06
-3.969836941795827e-06
-5.461372099475083e-06
5.476552390508149e-06
1.0945514635530174e-05
-1.0433155958658346e-05
5.973730776393437e-06
3.4878388468574163e-06
-5.4613720995707e-06
2.493482075049128e-06
-3.4726585558464806e-06
-1.1427512730488102e-05
4.4821956186797e-06
-1.3913404659952562e-05
9.453979477879858e-06
-1.5404939817757695e-05
3.985017232744647e-06
-9.935977572754197e-06
-8.444442414967294e-06
-3.4726585558975283e-06
-8.941620800944288e-06
-2.975480170018113e-06
5.973730776460423e-06
2.9906604610430353e-06
-1.590211820363094e-05
-4.4670153277256616e-06
-9.867666263254212e-07
-8.444442415026486e-06
3.487838846855144e-06
-4.895882404190005e-07
2.4934820750530224e-06
-1.4907761431830124e-05
6.968087548224164e-06
3.985017232881568e-06
-1.0433155958596225e-05
-2.2862615606341337e-05
-2.5348507535875074e-05
4.482195618686196e-06
-1.3913404660012078e-05
5.047685313941666e-07
5.97373077644547e-06
9.951157863738163e-06
-6.952907257298437e-06
-1.3416226274068252e-05
-8.941620800885416e-06
-1.2421869502303874e-05
2.990660460930513e-06
-4.964193713665264e-06
5.973730776417823e-06
8.956801091889534e-06
1.4991253031904246e-06
-5.958550485439075e-06
2.4934820750198593e-06
-2.4354150764076547e-05
-4.9641937136603895e-06
-1.3416226274126804e-05
1.4991253032353015e-06
-1.5404939817705003e-05
-5.461372099528751e-06
-4.964193713651603e-06
-9.867666263670546e-07
-1.1427512730465984e-05
-1.142751273046371e-05
2.9906604609269443e-06
-1.2919047888173215e-05
5.047685314325519e-07
-2.9754801699992436e-06
-1.8388010133161428e-05
-5.4613720995498926e-06
-1.1924691116388342e-05
-5.4613720995583536e-06
-2.2862615606354347e-05
-6.952907257223298e-06
-6.455728871296074e-06
-8.941620800921194e-06
-6.455728871348748e-06
7.590145517985926e-09
1.442576333703743e-05
-2.6840042693589458e-05
-1.4839450122874528e-06
-1.8885188519115984e-05
-6.952907257304617e-06
-1.4410583045892815e-05
-1.3913404659993543e-05
-5.4613720995121666e-06
1.4991253031800072e-06
5.476552390531568e-06
1.0019469173210743e-06
3.985017232784003e-06
-9.935977572751929e-06
1.1442693021513682e-05
-5.461372099556393e-06
-4.4670153276365495e-06
-3.96983694176298e-06
2.990660460935713e-06
1.4991253032424619e-06
2.493482075013029e-06
-2.4783017840446977e-06
-8.444442414998505e-06
3.985017232756691e-06
6.470909162373354e-06
7.590145502066225e-09
3.98501723276254e-06
-4.895882404424147e-07
-1.3416226273971663e-05
1.0019469173093696e-06
-1.0433155958550048e-05
-3.4726585559040335e-06
1.9963036891339252e-06
2.9906604609786336e-06
-9.438799186825992e-06
1.4991253032203441e-06
1.001946917307418e-06
-2.0873902062744273e-05
3.9850172327957085e-06
3.985017232800276e-06
-2.3359793992204505e-05
-3.96983694183713e-06
2.9906604609591222e-06
-2.478301784069729e-06
-1.7890831747273533e-05
1.9963036890926218e-06
5.973730776417823e-06
1.9963036891001028e-06
4.979374004612146e-06
1.996303689114735e-06
1.49912530330652e-06
-1.7393653361333942e-05
-1.1427512730419146e-05
1.8900368810257343e-05
-8.444442415005656e-06
-1.3416226274038979e-05
1.0945514635531164e-05
-5.958550485430943e-06
7.465265934199545e-06
1.2934228179190346e-05
9.45397947781417e-06
-1.5404939817755744e-05
6.968087548221245e-06
-2.478301784017371e-06
7.465265934198881e-06
9.951157863839627e-06
7.465265934145551e-06
-1.4907761431816468e-05
-9.867666263345285e-07
-6.952907257282499e-06
-1.9879545290919393e-05
-9.867666262710983e-07
4.482195618667019e-06
-3.969836941823144e-06
1.0448336249660193e-05
-2.6840042693493835e-05
9.951157863714722e-06
2.9906604609656275e-06
2.4934820750081453e-06
-2.137108044858206e-05
-1.689647497546558e-05
1.0448336249706036e-05
1.4425763336974962e-05
-2.4783017840837154e-06
-5.958550485413054e-06
1.2437049793308323e-05
2.9906604609191287e-06
-2.9754801700174535e-06
1.691165526659913e-05
-7.947264029079724e-06
-1.7890831747263785e-05
-8.444442415018671e-06
-2.975480169962489e-06
1.9963036891495424e-06
-4.467015327702248e-06
-3.472658555913796e-06
6.968087548243034e-06
8.459622706097591e-06
-9.43879918676842e-06
1.243704979330507e-05
-1.8388010133161092e-05
-2.975480169983631e-06
1.4991253032245725e-06
-1.9382366905010695e-05
8.956801091870664e-06
-9.935977572740866e-06
-2.9754801699689986e-06
-1.938236690490141e-05
7.465265934169942e-06
-5.958550485299565e-06
-8.444442414963372e-06
-9.867666263481895e-07
-1.0930334344475984e-05
5.476552390519864e-06
-6.455728871384856e-06
-1.9811233981603763e-06
-1.4410583045800114e-05
-1.6399296589456377e-05
4.482195618667019e-06
2.238061751159807e-05
-1.9811233981919355e-06
-3.96983694181176e-06
-2.5348507535871825e-05
-5.461372099560946e-06
-1.483945012264689e-06
3.4878388468779077e-06
3.4878388468518957e-06
-3.969836941836489e-06
6.968087548227421e-06
3.985017232784003e-06
7.465265934150105e-06
1.4991253032945036e-06
-4.895882404655127e-07
-5.461372099572986e-06
-3.472658555919646e-06
-4.895882403721719e-07
-9.867666263716038e-07
-1.5404939817746308e-05
1.001946917280105e-06
-9.438799186841601e-06
3.9850172327680656e-06
-1.2421869502306481e-05
5.973730776419445e-06
1.2934228179198155e-05
5.973730776457821e-06
-1.2421869502267445e-05
2.990660460916843e-06
-1.9879545290918743e-05
-6.952907257222651e-06
-8.941620800942011e-06
7.962444320101407e-06
5.476552390534495e-06
-5.958550485450459e-06
-3.131464816676775e-05
-1.1427512730458503e-05
-1.6399296589488903e-05
-6.45572887139559e-06
7.4652659341572565e-06
-1.490776143178784e-05
8.45962270598735e-06
-8.444442415009573e-06
1.4425763336955465e-05
8.459622705978885e-06
7.962444320086775e-06
-3.47265855593234e-06
-1.9382366905000605e-05
2.138626073975238e-05
-3.969836941834528e-06
1.9397547196101968e-05
-2.0376723676835897e-05
-1.4410583045942248e-05
4.979374004647911e-06
-8.941620800936151e-06
-1.981123398174358e-06
-2.1868258834528163e-05
-9.867666263033126e-07
5.047685313681548e-07
7.590145448723478e-09
-1.987954529087451e-05
7.590145555386383e-09
1.996303689132299e-06
4.97937400460954e-06
5.4765523905400204e-06
4.979374004606919e-06
-2.4783017839783466e-06
-1.0433155958590695e-05
-7.947264029088512e-06
1.4991253031855413e-06
-9.935977572763638e-06
-8.941620800942982e-06
7.465265934142299e-06
-7.9472640290589e-06
-4.964193713556302e-06
-1.490776143178037e-05
-1.2421869502304521e-05
2.138626073974555e-05
-3.9698369417714324e-06
4.48219561868002e-06
-9.935977572754197e-06
1.790601203835506e-05
-1.093033434455729e-05
-1.4907761431835338e-05
1.0945514635631005e-05
-4.895882403146098e-07
-1.3913404659922638e-05
2.9906604609337612e-06
2.9906604609259457e-06
1.1442693021512711e-05
-1.6399296589538993e-05
4.97937400457962e-06
-3.969836941833232e-06
-3.9698369418046e-06
-4.895882403718512e-07
3.985017232761244e-06
-4.895882404599833e-07
-9.43879918682404e-06
-1.7393653361364846e-05
-1.6896474975456463e-05
-4.4670153277224225e-06
-1.4410583045918499e-05
1.0019469172732657e-06
-6.455728871379648e-06
-1.3416226274098837e-05
-1.0433155958634936e-05
-5.461372099484533e-06
-6.45572887137185e-06
2.9906604609467717e-06
-2.9754801699979426e-06
-9.935977572705733e-06
-1.0433155958628097e-05
5.047685315320591e-07
-1.192469111632492e-05
1.0019469172976647e-06
-1.4839450122659856e-06
-1.4839450122828992e-06
7.465265934213838e-06
3.4878388468805144e-06
1.3431406565098727e-05
7.465265934139042e-06
-1.739365336138859e-05
1.4991253031881433e-06
1.2437049793297914e-05
9.951157863706609e-06
-5.461372099539484e-06
1.094551463558612e-05
9.453979477815796e-06
6.470909162394505e-06
-2.9754801700031467e-06
4.482195618679375e-06
6.9680875482469274e-06
-1.1427512730460133e-05
-4.467015327696388e-06
-1.6399296589538993e-05
-1.5404939817755744e-05
-1.9811233981821777e-06
-1.0433155958667782e-05
1.691165526654547e-05
-1.1427512730409392e-05
4.9793740046781645e-06
-1.0433155958666156e-05
-1.3913404660028671e-05
1.0019469173581587e-06
7.962444320240271e-06
-5.461372099562247e-06
-1.8885188519106226e-05
7.590145459777822e-09
-5.461372099476727e-06
-7.94726402891938e-06
-1.093033434445386e-05
1.1939871407361895e-05
-1.4839450122825828e-06
7.59014551832474e-09
7.465265934174161e-06
-1.7890831747296955e-05
-2.2365437220418646e-05
-8.444442415032337e-06
-1.2421869502296723e-05
-4.895882403874456e-07
7.590145464331471e-09
-1.483945012114771e-06
3.487838846855144e-06
4.482195618764584e-06
1.4991253032437583e-06
-1.0930334344547206e-05
-7.947264029000705e-06
3.4878388468369384e-06
-3.969836941800706e-06
1.4991253031881433e-06
9.453979477955319e-06
-8.444442415030711e-06
7.59014544610784e-09
-1.4907761431834027e-05
2.4934820750208394e-06
-2.4783017840297175e-06
-2.4783017840999873e-06
1.4991253031868512e-06
-1.4410583045941928e-05
6.470909162407167e-06
-2.9754801698860664e-06
-1.789083174725142e-05
1.144269302144246e-05
-8.941620800941355e-06
-4.895882403575352e-07
9.453979477839206e-06
1.5917298494712455e-05
-1.888518851906914e-05
-6.455728871312323e-06
7.590145465962293e-09
-8.941620800939399e-06
-1.1924691116389977e-05
-2.4851329149952055e-05
-2.6840042693439506e-05
-1.192469111639062e-05
3.487838846875965e-06
-9.867666263592484e-07
-5.958550485301164e-06
-9.86766626316314e-07
-1.8885188519115984e-05
-1.1427512730292955e-05
2.493482075036443e-06
-4.895882404137963e-07
9.453979477808306e-06
1.996303689097162e-06
3.98501723276157e-06
-1.5404939817736228e-05
2.4934820750520466e-06
-8.941620800927369e-06
2.1883439125692294e-05
-4.895882404072911e-07
5.04768531359698e-07
-1.8885188519028167e-05
-1.7393653361393787e-05
-4.96419371366558e-06
-1.4410583045917198e-05
-3.472658555924534e-06
1.790601203835962e-05
-1.2421869502304521e-05
5.047685314117306e-07
8.956801091903186e-06
-3.4726585559245296e-06
7.590145450015485e-09
