-6.829858711219903
-6.829804520022411
-6.829567371386805
-6.829779164507919
-6.82980750302406
-6.829887049736073
-6.829834350039353
-6.82962355125229
-6.82963896342777
-6.829668793444719
-6.829639957761638
-6.829651392601543
-6.829625539919984
-6.829645426598155
-6.82952859236471
-6.829494287845058
-6.829480864337369
-6.829455508822839
-6.829483847339081
-6.8295077113527425
-6.8294808643373806
-6.829724973310324
-6.829762757998545
-6.829784136177448
-6.82965487277021
-6.82973093931374
-6.829744859988359
-6.829836835874176
-6.8297965653512085
-6.82976126649771
-6.829550467710557
-6.829512185855318
-6.829544004540199
-6.8296111220785685
-6.829622556918465
-6.829536049868956
-6.82952212919434
-6.829713041303518
-6.829540027204587
-6.829479372836528
-6.829508208519698
-6.829445068316878
-6.829486830340791
-6.829513180189211
-6.829506717018848
-6.8295370442028185
-6.829488321841647
-6.829426673139672
-6.829495282178962
-6.829384911115718
-6.8294873275077315
-6.829477881335663
-6.829734419482382
-6.82971701863912
-6.829747345823101
-6.829722487475564
-6.82976275799857
-6.82983981887588
-6.829765243833322
-6.829804022855434
-6.829750825991751
-6.829750825991745
-6.829798056852039
-6.8297627579985765
-6.829817943530024
-6.829806011523217
-6.829768226835017
-6.829801537020664
-6.829770215502822
-6.829711052635699
-6.8297130413034965
-6.829767729668077
-6.8296479124329466
-6.829702103630589
-6.829442582482115
-6.82972596764423
-6.829736905317145
-6.829702600797536
-6.829717515806045
-6.829487327507731
-6.8296986234619395
-6.829746848656158
-6.829655867104157
-6.829672273613539
-6.829677245283065
-6.82965984443976
-6.829548976209697
-6.829662330274515
-6.829644929431262
-6.829668793444896
-6.829660838773688
-6.829626037087114
-6.8296687934449025
-6.829625042753218
-6.8297045894653285
-6.82963747192699
-6.829677245283055
-6.82968818295598
-6.8296349860922305
-6.829571845889433
-6.82964194642954
-6.829633991758336
-6.829569857221631
-6.829650398267698
-6.82973044214673
-6.829674262281322
-6.829678736783902
-6.8295300838655235
-6.829619573916734
-6.829607144742979
-6.829668296277936
-6.829618082415904
-6.829600681572626
-6.829634986092221
-6.829612116412491
-6.8297801588417935
-6.8296101277446875
-6.829605653242126
-6.829606150409085
-6.829672273613546
-6.829565879885968
-6.829606150409081
-6.829725967644233
-6.829560411049559
-6.8295435073731925
-6.829610624911642
-6.829606150409073
-6.829581292061533
-6.829583280729328
-6.829535552701987
-6.829567868553838
-6.829638466260897
-6.829569857221631
-6.829559913882627
-6.829586760897807
-6.8295519592114005
-6.829662827441486
-6.829519146192599
-6.829634986092244
-6.8296126135794495
-6.829638466260891
-6.82970856680094
-6.829564388385186
-6.82957681755897
-6.829522129194317
-6.829611619245548
-6.829602670240413
-6.829644929431261
-6.829571348722491
-6.829638466260899
-6.82963448892529
-6.829574828891164
-6.829547981875808
-6.829599687238691
-6.829619076749801
-6.8296782396169675
-6.829636974760045
-6.829687685789025
-6.829573834557252
-6.829549473376658
-6.829647912432961
-6.829633494591362
-6.829660838773687
-6.829589246732742
-6.829642443596477
-6.829585269397139
-6.829629517255781
-6.829420209969103
-6.829648906766849
-6.829633991758338
-6.829637471926969
-6.829674759448285
-6.8297478429900025
-6.82963647759309
-6.829579303393728
-6.829612116412485
-6.829527100863859
-6.829590241066651
-6.829592229734458
-6.829763255165527
-6.829541021538485
-6.829622059751503
-6.8296235512523715
-6.829666804777084
-6.829597201403964
-6.829661833107589
-6.829625539920168
-6.8295638912182275
-6.829639460594798
-6.829581789228487
-6.829614105080302
-6.829599190071769
-6.829604658908226
-6.82957134872251
-6.829665313276237
-6.829592229734435
-6.8295623997173855
-6.829608139076892
-6.829594715569203
-6.829568862887744
-6.829626037087105
-6.829579303393729
-6.829669787778787
-6.829631008756624
-6.829577811892864
-6.829613607913347
-6.8297204988077524
-6.829587258064916
-6.829635980426134
-6.8296558671041625
-6.829628025754924
-6.82974088265271
-6.829612116412469
-6.829639957761747
-6.829741379819695
-6.82965238693551
-6.8296802282847535
-6.829658352938921
-6.8296170880819815
-6.829558919548706
-6.8296220597514585
-6.8295514620444555
-6.829651392601622
-6.829638466260877
-6.829630014422733
-6.829615099414198
-6.829573337390255
-6.829622556918449
-6.829593721235303
-6.829609133410782
-6.829621065417591
-6.829646420932103
-6.829573834557265
-6.829770712669759
-6.829738893984946
-6.829733922315431
-6.829655369937221
-6.829630014422732
-6.829685697121225
-6.829649403933812
-6.82963548325917
-6.8295802977276265
-6.829655867104144
-6.829578806226775
-6.829625539920169
-6.8295748288911575
-6.829546987541881
-6.829610624911641
-6.829644929431251
-6.829610624911642
-6.829664816109273
-6.8295927269014
-6.829619076749792
-6.8295579252148215
-6.829638466260897
-6.8296459237651606
-6.82963349459138
-6.829639460594794
-6.829585766564086
-6.829637471926991
-6.829646918099004
-6.829659844439777
-6.829689177289869
-6.82959322406833
-6.829624545586269
-6.829716024305223
-6.82976325516551
-6.829582286395436
-6.829566377052991
-6.829666307610147
-6.829725967644225
-6.829705086632296
-6.8295827835623895
-6.829639957761748
-6.82966630761008
-6.829568365720803
-6.829567371386893
-6.829634488925272
-6.829616093748098
-6.829706578133142
-6.829610127744693
-6.829657358605014
-6.829601178739541
-6.829642443596501
-6.8295837778962865
-6.829576320391993
-6.829570851555562
-6.829618579582849
-6.829637471926993
-6.829610624911631
-6.829622059751501
-6.8295887495657865
-6.829614105080296
-6.829570851555531
-6.829558422381741
-6.829542513039333
-6.829620071083713
-6.829590241066634
-6.8293272397493245
-6.8294217014701175
-6.829451531487227
-6.82952312352824
-6.829495282178954
-6.829648906766863
-6.829656861438068
-6.829632500257477
-6.829673765114394
-6.829837830208078
-6.829454017322001
-6.829663821775378
-6.829678239616943
-6.829715527138267
-6.829368504606179
-6.829635483259184
-6.829541518705427
-6.829512185855305
-6.829483847339084
-6.829513180189206
-6.829425678805748
-6.829475395500903
-6.829448051318529
-6.829497270846777
-6.8294798700034685
-6.829448548485533
-6.829528095197744
-6.829492299177239
-6.829541021538471
-6.829544004540192
-6.829522129194319
-6.829526603696896
-6.82949130484334
-6.829489316175542
-6.8294664464957675
-6.8295380385367706
-6.829567868553816
-6.829520637693483
-6.829605156075168
-6.829513180189211
-6.829445068316848
-6.8295633940510845
-6.829544501707133
-6.829481858671271
-6.829464457827965
-6.82942269580402
-6.829700612129727
-6.829499259514577
-6.829429158974425
-6.829435622144792
-6.829480367170409
-6.829544501707139
-6.829459983325392
-6.829443576816009
-6.8294947850120025
-6.829524117862147
-6.829486333173834
-6.829546987541885
-6.829524117862142
-6.829554942213124
-6.829514671690049
-6.829475395500875
-6.829537541369819
-6.829505225517951
-6.829517157524812
-6.829512683022261
-6.829473904000039
-6.8294395994804065
-6.829551462044461
-6.829444571149921
-6.8295181518587045
-6.829508208519691
-6.829472412499189
-6.829481361504278
-6.829481858671258
-6.8294535201550355
-6.829470423831398
-6.829471915332249
-6.829499259514576
-6.829485338839916
-6.829401814792081
-6.829392368620009
-6.829421701470101
-6.829396345955597
-6.829498762347627
-6.829425181638812
-6.829474401166991
-6.829495282178956
-6.82948533883992
-6.829458988991507
-6.829443576816016
-6.829426175972686
-6.829451531487218
-6.829545993207975
-6.829499259514581
-6.829711549802641
-6.829654375603322
-6.8296886801229055
-6.829647912432963
-6.829786622012118
-6.82963548325916
-6.82964791243295
-6.829658352938934
-6.829684205620359
-6.8296956404602325
-6.829707572467047
-6.829643935097349
-6.829648906766855
-6.829665313276235
-6.829706080966173
-6.82955046771055
-6.8296623302745125
-6.8294644578279415
-6.8296409520956365
-6.829642443596501
-6.829649403933818
-6.82968022828474
-6.829687685789011
-6.829686194288146
-6.82971154980265
-6.829693651792425
-6.8296737651144035
-6.8296305115896745
-6.829638466260882
-6.829598692904779
-6.829581292061529
-6.8295683657207995
-6.82959322406836
-6.829622556918469
-6.829676250949153
-6.829558919548721
-6.829585269397122
-6.829618082415906
-6.829664318942322
-6.829651889768567
-6.829612116412491
-6.829578309059813
-6.829617585248958
-6.829716024305184
-6.829557925214832
-6.829467937996623
-6.829506219851883
-6.829620071083677
-6.829710555468761
-6.829419215635373
-6.829665810443188
-6.82958676089799
-6.829621065417612
-6.829651392601605
-6.829725470477219
-6.82959670423701
-6.8296230540854195
-6.82960416174128
-6.829578309059801
-6.829634488925291
-6.829555439380063
-6.829580297727621
-6.829697131961033
-6.82951715752482
-6.829515666023961
-6.829534061201149
-6.82956538271909
-6.829567371386882
-6.8295623997173935
-6.829558422381779
-6.82947390400005
-6.829508208519659
-6.829604658908223
-6.829524615029098
-6.8295375413697705
-6.829519146192632
-6.82948086433737
-6.829451531487167
-6.829462966327125
-6.8295012481823685
-6.8295285923647056
-6.829498762347627
-6.829469926664427
-6.829494785012013
-6.829527100863849
-6.829462966327111
-6.829515168857
-6.829496276512841
-6.8294918020103035
-6.829471915332232
-6.82945003998636
-6.8294162326336165
-6.829473904000004
-6.829480864337362
-6.829428661807463
-6.8296344889252625
-6.829538535703715
-6.829486830340794
-6.8294445711498994
-6.829609133410789
-6.82955842238178
-6.8295703543885935
-6.829586760897974
-6.8295171575248235
-6.82956786855384
-6.829592229734458
-6.829524615029093
-6.8295604110495844
-6.829506717018851
-6.829477384168688
-6.829558422381776
-6.829618082415904
-6.829575326058111
-6.829526603696903
-6.829667799110997
-6.829513677356165
-6.8296280257549284
-6.829628522921882
-6.8295693600547045
-6.829553947879222
-6.8295345583681035
-6.829693154625474
-6.829603167407368
-6.829566874219931
-6.8295425130393275
-6.829505722684952
-6.829671776446516
-6.829583777896275
-6.82964492943126
-6.829545993207986
-6.829530083865547
-6.82953903287068
-6.829547981875784
-6.829426175972711
-6.829518649025682
-6.829603167407371
-6.829487327507747
-6.829461474826275
-6.829538038536756
-6.829551959211416
-6.829520637693487
-6.829560411049587
-6.8295335640342225
-6.829467440829686
-6.829523620695196
-6.82958328072933
-6.829634986092241
-6.82967028494565
-6.829554942213112
-6.829596704236994
-6.829600681572617
-6.829418718468428
-6.829602173073469
-6.829660838773684
-6.82966183310758
-6.829665313276223
-6.829606150409087
-6.829632500257456
-6.829550964877497
-6.829617088081982
-6.829614105080302
-6.829614602247214
-6.829570354388605
-6.829672273613546
-6.8296916631246285
-6.82960267024043
-6.829570851555556
-6.8297120469695685
-6.829694148959375
-6.82955891954871
-6.829575326058105
-6.829595709903109
-6.829606647576035
-6.829520637693477
-6.8294614748262745
-6.82949876234763
-6.829609630577728
-6.829544998874099
-6.829560908216535
-6.829525112196049
-6.829538535703722
-6.829509700020556
-6.8294515314872255
-6.829501248182386
-6.8295171575248235
-6.829690171623679
-6.829483847339088
-6.8294500399863844
-6.829582286395433
-6.829545496041033
-6.829576817558963
-6.829558919548732
-6.829670782112662
-6.829575326058122
-6.829550964877509
-6.82941474113282
-6.829544998874078
-6.829528592364707
-6.82961062491155
-6.829503236850193
-6.829469429497498
-6.82957085155556
-6.829547484708857
-6.829608139076889
-6.829522626361256
-6.829660838773652
-6.829518151858732
-6.829493790678114
-6.829497768013728
-6.829526603696903
-6.8294674408296885
-6.829539530037636
-6.829485338839945
-6.829382922447832
-6.829545993208001
-6.829555936547023
-6.8296747594482285
-6.82963051158968
-6.829516163190928
-6.8295330668672705
-6.829564885552138
-6.829579800560677
-6.829544004540196
-6.829579303393725
-6.8294719153322445
-6.829499756681532
-6.829494785012014
-6.829667301944034
-6.829571845889457
-6.8295499705435985
-6.829553947879219
-6.829576320392023
-6.829510197187491
-6.829459983325421
-6.8296792339508166
-6.829642443596488
-6.82958924673273
-6.829600681572607
-6.829624048419308
-6.829449542819421
-6.829676250949081
-6.829597201403959
-6.829570851555558
-6.829586760897996
-6.829587755231896
-6.829531575366396
-6.829651392601561
-6.829632997424433
-6.829642443596505
-6.829628522921879
-6.829556930880927
-6.829549473376659
-6.829582286395424
-6.829565382719097
-6.829530581032515
-6.829674262281359
-6.829538038536782
-6.829624048419316
-6.829661833107586
-6.829501248182383
-6.829514671690063
-6.829652386935507
-6.829432639143069
-6.829614105080302
-6.829548479042753
-6.829576320392
-6.829554445046131
-6.829610127744689
-6.82961410508029
-6.829590241066652
-6.829651889768567
-6.829582783562377
-6.829610624911595
-6.829570354388605
-6.829564388385183
-6.829577314725917
-6.8296792339508405
-6.829619573916628
-6.829625042753212
-6.82962902008878
-6.82967028494571
-6.829620071083699
-6.829579800560642
-6.829575823225042
-6.829563394051285
-6.82952113486044
-6.829587258064923
-6.8294773841687
-6.829596207070043
-6.8295763203919755
-6.829586760897988
-6.829579303393724
-6.829575823225066
-6.8295673713868945
-6.829649901100729
-6.829620071083703
-6.82962852292183
-6.8295728402233165
-6.8296026702404005
-6.829549970543595
-6.829566377052964
-6.829541518705432
-6.829638466260877
-6.8295449988740735
-6.829627528587955
-6.829616093748083
-6.829816452028832
-6.829602670240405
-6.8296961376271605
-6.829625042753203
-6.829580794894579
-6.8296155965811245
-6.829583280729316
-6.829608636243802
-6.82965039826772
-6.829582286395413
-6.829625042753194
-6.829499756681533
-6.829588252398838
-6.8296603416067185
-6.829656861438081
-6.829639460594771
-6.829542513039321
-6.829611122078593
-6.829425181638815
-6.829658850105879
-6.82964343793036
-6.829670782112693
-6.829647415265986
-6.829681719785575
-6.829660341606707
-6.829571348722495
-6.829607641909933
-6.829682714119517
-6.829656364271102
-6.829577314725879
-6.829620568250607
-6.829648906766841
-6.829626534254068
-6.829599190071747
-6.829639957761728
-6.829603664574311
-6.829630511589681
-6.829661833107579
-6.82961509941418
-6.829592726901397
-6.829604658908224
-6.829632997424338
-6.829627031421016
-6.829605156075175
-6.8296275285879355
-6.829661335940639
-6.829684702787296
-6.829679233950848
-6.829472909666154
-6.829614105080288
-6.829548976209655
-6.829610624911628
-6.829597698570915
-6.829585269397114
-6.829677742449974
-6.829619573916723
-6.829539032870659
-6.829602670240419
-6.8295072141857744
-6.829487327507742
-6.829568365720786
-6.829603664574314
-6.829574828891147
-6.8295991900716855
-6.829614105080291
-6.829595212736135
-6.829524615029091
-6.829510197187507
-6.829552953545289
-6.829566377052998
-6.8296399577617395
-6.829539032870655
-6.829646420932105
-6.829565382719086
-6.829607641909916
-6.829535055535051
-6.829482355838233
-6.829523620695176
-6.829538535703734
-6.829597201403956
-6.8294957793459234
-6.829544501707118
-6.8294997566815
-6.829531575366389
-6.829512185855307
-6.82950472835103
-6.829591235400542
-6.829560411049567
-6.829508208519706
-6.829558919548731
-6.8295216320273875
-6.8295609082165365
-6.829530581032494
-6.829592229734405
-6.829530581032469
-6.82963001442273
-6.829493790678099
-6.829558422381759
-6.82953207253334
-6.829550964877497
-6.8295559365470275
-6.829516163190919
-6.82957632039201
-6.829507214185791
-6.829588252398847
-6.829646420932104
-6.8295653827190606
-6.829584275063216
-6.829539032870678
-6.82960714474298
-6.829619076749801
-6.829645426598197
-6.829611619245546
-6.82957880622673
-6.829546490374949
-6.829504728351004
-6.829539530037611
-6.829570851555545
-6.829576817558947
-6.82964492943126
-6.829544004540144
-6.829490807676382
-6.829493790678106
-6.829594218402171
-6.82957383455719
-6.829621562584561
-6.829566377052967
-6.829661833107585
-6.829494287845052
-6.8295449988740975
-6.829568365720806
-6.829659347272831
-6.829540524371526
-6.829515168857025
-6.829571348722491
-6.829576320392019
-6.829609133410777
-6.829717018639119
-6.82957482889115
-6.829611619245543
-6.8296131107463856
-6.829571348722502
-6.8295703543886
-6.8297035951314475
-6.82957582322507
-6.829662827441491
-6.829681719785601
-6.829610624911608
-6.829576817558959
-6.82965487277028
-6.82966233027453
-6.829685697121225
-6.82959570990311
-6.829638466260889
-6.829600681572615
-6.8296459237651606
-6.829678736783909
-6.829541021538472
-6.829619076749811
-6.8296270314210235
-6.829478875669576
-6.829468435163598
-6.829624048419315
-6.829612116412471
-6.829445565483819
-6.829533066867261
-6.829557428047881
-6.829613607913353
-6.829645426598209
-6.829592229734453
-6.829681222618671
-6.829700612129738
-6.82965039826771
-6.829592726901399
-6.829555936547025
-6.829608636243836
-6.829609630577745
-6.829637471926994
-6.8296086362438375
-6.829635980426141
-6.829643437930405
-6.829489316175554
-6.829585766564091
-6.829497270846777
-6.829620568250646
-6.829664318942338
-6.829635980426134
-6.829603664574315
-6.829646918099063
-6.829647415266009
-6.8295897438997
-6.829590738233601
-6.829537044202868
-6.829602670240423
-6.829632500257485
-6.8295584223817825
-6.829629020088816
-6.829540524371541
-6.829654872770245
-6.829617088081997
-6.8295648855521405
-6.8296210654175935
-6.82963349459139
-6.8296568614380675
-6.8295395300376285
-6.829753311826505
-6.829715527138258
-6.829672770780476
-6.829680228284725
-6.829712046969611
-6.829762757998567
-6.829726961978132
-6.8296697877787755
-6.829650398267717
-6.829685697121224
-6.829444571149921
-6.829710555468765
-6.829713041303493
-6.829712544136555
-6.829671279279638
-6.829732430814549
-6.829743865654457
-6.829723481809474
-6.82969414895939
-6.829679233950867
-6.829691663124623
-6.829641946429551
-6.829757786329071
-6.829639460594802
-6.829674759448282
-6.82966829627794
-6.829697131961088
-6.82969713196107
-6.829726464811163
-6.829612613579445
-6.829710058301804
-6.829634488925286
-6.829673267947428
-6.829695143293269
-6.829479372836488
-6.829712544136528
-6.829470920998336
-6.829640454928689
-6.829636477593069
-6.829668296277908
-6.829309838905978
-6.8292113998494886
-6.829542513039342
-6.829582286395415
-6.829580297727605
-6.829620568250662
-6.829652386935507
-6.829634986092214
-6.829604161741261
-6.8294415881482
-6.829472412499205
-6.82964492943124
-6.829614105080272
-6.829632003090513
-6.829611619245501
-6.829724973310323
-6.82969315462547
-6.82960913341078
-6.829590241066626
-6.82963399175832
-6.829388888451344
-6.8293854082826835
-6.829645426598198
-6.829637471926969
-6.829647415266006
-6.829676748116114
-6.829738396818001
-6.829663821775374
-6.8295857665640725
-6.829628522921857
-6.82963697476004
-6.829390877119131
-6.8296827141195235
-6.829668793444895
-6.829673765114407
-6.829304370069512
-6.829672770780493
-6.829691165957672
-6.829312821907684
-6.829632003090531
-6.829669787778769
-6.82967525661526
-6.829599190071769
-6.829671776446602
-6.829626037087123
-6.829607641909916
-6.8295887495658
-6.829626037087116
-6.829361047102047
-6.829358064100326
-6.829725470477281
-6.829653878436368
-6.829649403933819
-6.829699617795838
-6.8293963459556215
-6.829711052635712
-6.8295917325675015
-6.8297214931416645
-6.8293535895977655
-6.829707075300078
-6.829719504473864
-6.829761763664667
-6.829664816109273
-6.829654872770269
-6.829647912432937
-6.829630511589682
-6.829690668790717
-6.829737899651019
-6.829726961978108
-6.829644929431239
-6.82962852292188
-6.82963200309051
-6.829344640592623
-6.829669290611808
-6.829630014422702
-6.82939634595562
-6.829720498807774
-6.829652386935521
-6.8296036645743285
-6.829622059751487
-6.829641449262603
-6.829635980426133
-6.829693154625482
-6.829659844439732
-6.829538038536779
-6.829657855771967
-6.829590738233601
-6.829584772230184
-6.829618082415912
-6.829582286395424
-6.829608636243812
-6.829570354388513
-6.829539032870656
-6.829517654691773
-6.829586263730999
-6.8294992595145585
-6.829657855771903
-6.829614105080246
-6.829591732567503
-6.829592726901378
-6.829641946429555
-6.8295648855520925
-6.829539530037593
-6.82954947337664
-6.829638466260874
-6.829584772230173
-6.829635483259108
-6.8295857665640485
-6.82966978777872
-6.829669290611829
-6.8296096305777105
-6.8297165214719575
-6.829551959211408
-6.829727459144955
-6.829669787778639
-6.829684702787325
-6.829494785012016
-6.829614602247193
-6.829704092298307
-6.829610127744619
-6.829687685788959
-6.829671279279627
-6.829718510139965
-6.829701606463601
-6.829617585248858
-6.829690668790621
-6.829580794894533
-6.82964840959981
-6.829677245282987
-6.829598692904791
-6.8295584223817265
-6.829710555468648
-6.829696634793977
-6.8296155965811165
-6.8296518897683685
-6.829565382719032
-6.829665313276166
-6.82960416174114
-6.829620568250654
-6.829561405383456
-6.829648409599866
-6.829576817558926
-6.829627031420961
-6.829653878436307
-6.829596207069968
-6.829606150409067
-6.8296479124329
-6.829687685788959
-6.829685199954195
-6.82966083877368
-6.829702103630546
-6.829576320391971
-6.829619076749778
-6.829672770780444
-6.82961012774458
-6.829644929431139
-6.829523123528179
-6.829594715569162
-6.8296141050801955
-6.829677245282833
-6.829604161741206
-6.82964443226422
-6.82970806963387
-6.829752317492179
-6.829651889768479
-6.829718012972915
-6.82953803853675
-6.829697131960944
-6.829646918099058
-6.8295802977275715
-6.829680725451719
-6.82971751580605
-6.829626037087073
-6.829687685788982
-6.829720995974607
-6.829674262281323
-6.829654872770171
-6.829570354388596
-6.829764746666236
-6.829719007306796
-6.829667799110921
-6.829692657458487
-6.829717515805998
-6.829505225517953
-6.829534061201166
-6.829571348722497
-6.829563394051273
-6.829533564034194
-6.829544004540193
-6.829495779345909
-6.829547981875759
-6.82943015330833
-6.829463960661022
-6.829543010206254
-6.829592726901392
-6.829539032870609
-6.829499756681531
-6.8294087751293935
-6.829506717018852
-6.829565382719072
-6.829506219851896
-6.829535055535065
-6.829500751015412
-6.82948335017214
-6.829488819008588
-6.829522626361286
-6.829548479042752
-6.829531078199445
-6.829609630577735
-6.829557925214831
-6.8295882523988345
-6.82954400454019
-6.829475892667869
-6.829578806226689
-6.829598195737859
-6.829537044202879
-6.829641449262596
-6.829656364271107
-6.829541518705436
-6.829600184405663
-6.829604161741276
-6.829572840223295
-6.829491802010305
-6.829565879885995
-6.829531575366411
-6.829591732567496
-6.829621065417591
-6.829515168856976
-6.829434627810826
-6.82951815185871
-6.829463960661005
-6.82963150592357
-6.829584772230177
-6.829518649025679
-6.829547484708823
-6.829528592364686
-6.829505722684924
-6.829531078199447
-6.8294898133424935
-6.829624048419309
-6.829572840223322
-6.829469429497499
-6.829557428047866
-6.829514174523113
-6.829503236850172
-6.829543507373248
-6.829573337390311
-6.82949130484333
-6.829511688688357
-6.829547484708851
-6.829553450712264
-6.82956687421995
-6.829570851555548
-6.829524615029098
-6.829522129194342
-6.829470423831393
-6.829416729800628
-6.829521632027382
-6.829553450712271
-6.829542015872394
-6.829539530037636
-6.829534558368112
-6.829522129194341
-6.82958576656409
-6.829565382719083
-6.829725470477206
-6.829546490374951
-6.829613110746401
-6.829572840223359
-6.829453022988098
-6.829593224068344
-6.829493293511153
-6.8295912354005495
-6.829540524371521
-6.829620071083714
-6.8296847027873255
-6.829641449262599
-6.829642443596492
-6.829616093748093
-6.829650398267707
-6.829630511589646
-6.829580297727628
-6.8296071447429805
-6.829607641909928
-6.829622556918463
-6.829674759448301
-6.829592726901406
-6.8293993289572965
-6.829356075432514
-6.829680228284732
-6.829639957761747
-6.829682216952548
-6.829661833107582
-6.829406289294649
-6.829609133410732
-6.829446062650781
-6.829642940763411
-6.8295758232250465
-6.82969862346194
-6.829385408282668
-6.829640454928691
-6.829567371386884
-6.829616093748093
-6.82968519995426
-6.829697131961088
-6.829730442146784
-6.829665810443185
-6.829693651792439
-6.829381928114018
-6.829666804777087
-6.829685697121217
-6.829645426598205
-6.829646918099047
-6.829728453478971
-6.829636477593064
-6.829651392601604
-6.829619573916703
-6.829621065417617
-6.829696137627169
-6.829571845889425
-6.829626534254057
-6.829559416715682
-6.82963150592353
-6.829631008756607
-6.829583280729331
-6.829669290611849
-6.829606647576031
-6.829669290611828
-6.829629517255782
-6.829691663124628
-6.829808000191065
-6.829730442146784
-6.829634488925276
-6.829580297727623
-6.829698126294997
-6.829644929431246
-6.829345137759586
-6.8293192850780855
-6.829726464811151
-6.829669787778794
-6.829696634794142
-6.829747842990058
-6.829692160291585
-6.829676250949148
-6.829729944979782
-6.82969116595768
-6.829635980426132
-6.829676250949142
-6.829717515806067
-6.829621562584542
-6.829641449262595
-6.82961957391676
-6.829668793444893
-6.829703097964497
-6.82962752858797
-6.829397837456447
-6.8293814309470555
-6.829570851555547
-6.829649901100741
-6.829668793444888
-6.829442085315146
-6.829583777896282
-6.829688680122921
-6.82967127927964
-6.82958974389969
-6.829571348722489
-6.8295614053834575
-6.829563891218238
-6.829572840223352
-6.829501248182367
-6.829516660357865
-6.829610624911628
-6.829376459277545
-6.829561902550423
-6.829563891218219
-6.8295504677105585
-6.829433136310029
-6.829569857221656
-6.829400323291221
-6.8295534507122655
-6.829552953545318
-6.829493293511157
-6.829579303393729
-6.829504728351047
-6.82953853570373
-6.82937645927752
-6.829484841672991
-6.829554942213124
-6.829488819008596
-6.8294773841687215
-6.8295101971875
-6.829335194420548
-6.829382425280944
-6.829530083865552
-6.829515666023951
-6.829496276512875
-6.829517157524832
-6.8294584918245675
-6.829487824674673
-6.829564885552145
-6.829500253848486
-6.829492299177264
-6.829498762347575
-6.829451531487231
-6.829518649025684
-6.829423192970995
-6.829502739683233
-6.829565879886051
-6.829473904000061
-6.829495282178974
-6.829513180189207
-6.8295305810325
-6.829506717018853
-6.829472412499203
-6.829459486158451
-6.829433136310013
-6.829493790678119
-6.829443079649072
-6.829535552702008
-6.8295430102062795
-6.829493293511157
-6.82949428784507
-6.829587755231896
-6.829492796344213
-6.829553450712253
-6.829549473376655
-6.8295261065299515
-6.829540027204575
-6.829586263731044
-6.829520637693487
-6.829518151858726
-6.829612613579433
-6.829457994657613
-6.8295957099031055
-6.829558919548717
-6.82950124818237
-6.8295315753663965
-6.829486830340797
-6.829430650475277
-6.829495282178967
-6.829504231184096
-6.829423192971004
-6.829500253848484
-6.829496276512866
-6.829582783562373
-6.8294744011670145
-6.829454017321976
-6.829506717018828
-6.829538038536779
-6.829500253848486
-6.829473406833098
-6.829615596581152
-6.829481361504334
-6.829482853005186
-6.829487824674701
-6.829466446495789
-6.829502242516274
-6.829503734017121
-6.8295748288911655
-6.8295658798860375
-6.8295708515555305
-6.829586263731034
-6.82956289688434
-6.829505225517998
-6.829572343056412
-6.829594715569212
-6.82954847904261
-6.829700612129666
-6.829674759448256
-6.829604161741227
-6.829606150409005
-6.829642940763449
-6.829552953545299
-6.829568862887697
-6.829541518705362
-6.829499259514564
-6.829526106529936
-6.829500751015388
-6.829634986092015
-6.829564388385193
-6.829577314725829
-6.8296126135794
-6.829621065417602
-6.829689674456766
-6.829615099414166
-6.829693154625418
-6.8296653132762115
-6.82970906396783
-6.829495779345894
-6.829730442146629
-6.829619573916752
-6.829666804777059
-6.82969066879069
-6.829705583799139
-6.829696137627136
-6.829671776446592
-6.829737402484
-6.829644929431207
-6.829740385485747
-6.829736905317053
-6.829680228284687
-6.8296096305776
-6.829722487475487
-6.829735413816092
-6.82959272690141
-6.82970558379916
-6.829715029971202
-6.829709063967873
-6.829752317492482
-6.8297354138161985
-6.82961659091496
-6.829846779213035
-6.829794079516355
-6.829676748116018
-6.829749831657646
-6.829781650342642
-6.829737899651012
-6.829743368487349
-6.829709561134777
-6.82975430616031
-6.829780158841714
-6.8297055837991785
-6.8296891772898425
-6.829696137627174
-6.829761763664467
-6.829699617795807
-6.829736905316885
-6.829532569700292
-6.829756294828088
-6.829753311826438
-6.829831864204643
-6.829767232500991
-6.829635980426033
-6.8297418769865645
-6.829670284945663
-6.829789605013867
-6.829712544136515
-6.829625539920013
-6.829740882652678
-6.829676748116037
-6.829714035637333
-6.829450537153335
-6.829476389834806
-6.829746351489128
-6.829722984642466
-6.8298020341876295
-6.829729944979792
-6.829539032870532
-6.829750328824788
-6.82943810797952
-6.829686691455081
-6.829794079516404
-6.829392865786935
-6.829763752332472
-6.829547981875796
-6.829511191521408
-6.829524117862145
-6.829731933647611
-6.829602173073469
-6.829673765114396
-6.829608139076874
-6.8295594167156795
-6.829509202853605
-6.829525112196047
-6.829597698570912
-6.8296349860922385
-6.829632003090527
-6.829573834557267
-6.829549473376656
-6.829644432264309
-6.829566874219947
-6.829576817558968
-6.829636974760042
-6.829627528587963
-6.829629517255782
-6.8296563642711225
-6.829527598030796
-6.8297786673409675
-6.829495779345851
-6.829538535703731
-6.8295539478791945
-6.829637471926966
-6.829634488925289
-6.829650398267709
-6.829636974760032
-6.829637969093938
-6.829389882785239
-6.829560908216517
-6.829640454928697
-6.829639460594792
-6.829598195737868
-6.82969166312463
-6.829599687238711
-6.829534558368121
-6.829586760897989
-6.829799548352862
-6.829593721235309
-6.829682714119502
-6.829666307610125
-6.8296349860922305
-6.829606647576018
-6.829608636243833
-6.8296553699372
-6.829628522921879
-6.829545496041046
-6.829643935097335
-6.829564388385158
-6.829668793444857
-6.829643935097344
-6.82964592376515
-6.829404797793793
-6.829301884234757
-6.829585269397119
-6.8295554393800275
-6.829709561134842
-6.829677245283034
-6.829689177289873
-6.829667799110986
-6.829440593814291
-6.829673267947451
-6.829644929431214
-6.829902959078527
-6.82971154980265
-6.829667799110989
-6.829668793444891
-6.829667799110968
-6.829690171623782
-6.829682216952556
-6.829683211286457
-6.829362538602898
-6.829589743899703
-6.82964492943126
-6.829710058301799
-6.829663821775365
-6.829659844439781
-6.829813469027493
-6.82966034160673
-6.829727459145071
-6.8296449294312405
-6.8296653132762275
-6.829684205620372
-6.829749831657865
-6.829875117729344
-6.829655369937111
-6.82968669145513
-6.829632003090531
-6.8294107637972035
-6.829680725451676
-6.829690668790733
-6.829712544136569
-6.829633991758333
-6.829388888451334
-6.829702103630601
-6.829672273613522
-6.829716024305217
-6.829694646126335
-6.8296484095999155
-6.829650398267703
-6.829319782245015
-6.82960813907686
-6.829737899651047
-6.8293436462587325
-6.829703595131424
-6.829652884102476
-6.829619076749812
-6.829354086764721
-6.829382425280964
-6.8293938601208595
-6.829365024437661
-6.829332211418843
-6.8293699961071725
-6.8293486179282255
-6.829405792127685
-6.829734916649343
-6.829365521604612
-6.829289952227929
-6.8293590584342425
-6.829321273745897
-6.829642940763425
-6.829310336072941
-6.829407283628552
-6.829426175972704
-6.829398334623416
-6.8293958487886455
-6.829402311959039
-6.829373973442785
-6.829381928113999
-6.829412255298063
-6.829362538602883
-6.829367013105464
-6.829357069766434
-6.829386402616588
-6.829664816109283
-6.829363532936796
-6.829434627810872
-6.8293302227510155
-6.829321273745897
-6.829401814792061
-6.829618082415897
-6.829234269529155
-6.829423690137941
-6.829420707136227
-6.82944854848548
-6.829469926664427
-6.829642940763427
-6.829581292061505
-6.8295822863954285
-6.8296066475760355
-6.829582783562386
-6.8295788062267775
-6.8295459932079785
-6.829575823225056
-6.829643935097242
-6.829567868553837
-6.8293635329368
-6.829519146192606
-6.829377453611424
-6.8295917325674935
-6.8295743317242055
-6.829628025754846
-6.829572840223367
-6.829519643359568
-6.8295271008638565
-6.829515666023975
-6.829551959211411
-6.82966431894225
-6.829482853005174
-6.829495282178951
-6.8295609082165285
-6.829505225517999
-6.829479870003479
-6.829524615029089
-6.829519643359575
-6.829472412499194
-6.829567371386894
-6.829484344506028
-6.829482355838233
-6.8293560754325116
-6.82941921563539
-6.829512683022254
-6.8293958487886455
-6.829404300626827
-6.829412255298071
-6.829402311959002
-6.8292700655496885
-6.8296146022472435
-6.8294510343202885
-6.82944109098124
-6.829474898333941
-6.829389385618286
-6.829485338839944
-6.829534558368098
-6.829554445046168
-6.829504728351048
-6.829480367170416
-6.829511688688356
-6.829473904000051
-6.829415735466724
-6.82945650315671
-6.829424684471839
-6.8295251121960385
-6.829444073982972
-6.829502739683224
-6.829531078199426
-6.829531575366416
-6.829436616478696
-6.829422198637094
-6.829429158974413
-6.829489813342498
-6.8294783785026185
-6.829390379952202
-6.829421701470122
-6.829461971993223
-6.829495779345922
-6.829367510272408
-6.82946296632709
-6.829389385618268
-6.829393860120821
-6.8293973402895105
-6.829513180189205
-6.829427170306622
-6.829499259514573
-6.829530581032496
-6.829487327507742
-6.829498762347595
-6.829372979108885
-6.8294341306439295
-6.829434130643933
-6.829457994657616
-6.829556930880926
-6.8299561559419715
-6.82948633317384
-6.82953207253336
-6.8294773841687
-6.8293993289573285
-6.829465452161872
-6.829563394051287
-6.82947390400006
-6.829431147642231
-6.829385408282685
-6.829444073982974
-6.829456503156762
-6.82943065047527
-6.829532072533369
-6.829430650475271
-6.829513180189212
-6.829453022988093
-6.829511191521413
-6.829527598030804
-6.8294584918245524
-6.8295146716900605
-6.829470423831393
-6.829403306292929
-6.829504231184075
-6.829476887001767
-6.8295082085197025
-6.829485338839945
-6.829436616478684
-6.829557428047867
-6.829525609362999
-6.829509202853607
-6.829518649025683
-6.829568365720802
-6.829564388385194
-6.829535552702023
-6.829573834557259
-6.82950224251628
-6.829536547035931
-6.829496773679824
-6.829505722684946
-6.829549473376653
-6.829525112196044
-6.829540524371527
-6.829518649025657
-6.829591235400546
-6.829617585248958
-6.829515666023976
-6.829517157524831
-6.8295216320273875
-6.829488819008605
-6.829532072533365
-6.829488321841654
-6.829627528587978
-6.829576320392011
-6.829540524371535
-6.829609133410789
-6.82953604986898
-6.829570851555559
-6.829558422381781
-6.829595212736142
-6.829634488925282
-6.82959372123531
-6.829533066867263
-6.829554445046168
-6.829569360054696
-6.829496276512874
-6.829597698570886
-6.8295514620444635
-6.829525112196027
-6.829537044202866
-6.8296096305777425
-6.82955295354531
-6.8295668742199425
-6.829530083865561
-6.829499756681531
-6.829498762347629
-6.829571845889448
-6.829544501707143
-6.829521632027372
-6.829539530037636
-6.829544501707146
-6.829573337390305
-6.829550467710565
-6.829722984642337
-6.829481361504327
-6.829471418165299
-6.829486830340791
-6.829506717018837
-6.82956389121824
-6.8295947155691925
-6.829547484708839
-6.829645923765163
-6.829510694354442
-6.8296543756033
-6.8294629663271245
-6.829372979108862
-6.829505722684952
-6.8295062198519
-6.829492299177256
-6.829493293511166
-6.829485338839938
-6.829577314725909
-6.82955096487749
-6.829609630577745
-6.829572343056415
-6.829544004540188
-6.829542513039345
-6.829492796344211
-6.8296295172557535
-6.829529586698613
-6.8295678685538475
-6.829503236850191
-6.829569360054705
-6.829529089531651
-6.8294231929709985
-6.829516163190898
-6.829552456378369
-6.829516163190913
-6.829430650475263
-6.829466943662741
-6.829480367170368
-6.82948086433738
-6.829543507373245
-6.829518151858732
-6.829409769463315
-6.829466446495776
-6.829492796344215
-6.829601178739569
-6.829518151858729
-6.829546987541902
-6.829537541369807
-6.829511688688364
-6.829593721235297
-6.829608139076886
-6.829528095197691
-6.8295002538484795
-6.82957482889115
-6.829585766564091
-6.829573834557263
-6.8295653827190845
-6.8295166603578705
-6.8296190767497675
-6.82955842238177
-6.8295415187054305
-6.829510694354465
-6.8295435073732405
-6.829575326058113
-6.829531575366407
-6.829476389834802
-6.829507711352755
-6.829601178739568
-6.829389385618218
-6.829498265180675
-6.829692160291451
-6.829460977659314
-6.829468435163595
-6.829526106529953
-6.8295350555350725
-6.829554942213124
-6.829510197187491
-6.829527598030805
-6.829604161741261
-6.829499756681503
-6.829512185855318
-6.829559416715681
-6.829531575366367
-6.829515666023934
-6.8296011787395186
-6.829626037087124
-6.829540524371534
-6.829577811892849
-6.829620071083716
-6.829463463494078
-6.829562896884332
-6.829500253848457
-6.829585269397132
-6.829548479042759
-6.8294962765128675
-6.829565382719083
-6.829521632027389
-6.829543507373244
-6.829551462044441
-6.829526106529954
-6.829487327507728
-6.829491304843342
-6.829486830340801
-6.829583280729319
-6.82964343793035
-6.829518151858733
-6.829476887001758
-6.829572343056408
-6.829598692904821
-6.829580297727625
-6.8295837778962865
-6.829575823225063
-6.829504728351047
-6.829523123528239
-6.8294669436627204
-6.82958477223017
-6.829521134860414
-6.829560908216512
-6.829587755231876
-6.82954002720455
-6.829494287845061
-6.829594218402215
-6.8295574280478775
-6.829573337390317
-6.829556930880925
-6.82959968723872
-6.829636477593094
-6.82959421840224
-6.829641946429483
-6.82960167590651
-6.829543010206296
-6.829561405383477
-6.829501248182382
-6.829474898333957
-6.8294863331738425
-6.8295623997173855
-6.8296185795828315
-6.829540524371527
-6.829570354388609
-6.8294927963441765
-6.8295643883851795
-6.829508208519708
-6.829583280729331
-6.829582783562388
-6.829550964877508
-6.829524615029101
-6.829591235400545
-6.829538038536768
-6.829572840223361
-6.829501248182389
-6.82955046771054
-6.8295435073732405
-6.829547484708858
-6.82953604986898
-6.829474401167008
-6.829659347272835
-6.829515168857019
-6.829507214185797
-6.829505722684952
-6.829527598030789
-6.829516163190928
-6.829513677356162
-6.8294778813356745
-6.829498265180676
-6.829506717018837
-6.829610127744668
-6.8295166603578705
-6.829487327507745
-6.82955245637836
-6.829544501707136
-6.8297249733103245
-6.829462966327113
-6.829476887001749
-6.829710058301807
-6.829471418165304
-6.8294858360068815
-6.829480864337363
-6.8294599833254175
-6.829479870003472
-6.8295151688570135
-6.829426175972688
-6.829543010206282
-6.829434627810865
-6.829702103630571
-6.829478875669541
-6.829497270846772
-6.829485338839901
-6.829587258064918
-6.829470423831402
-6.829414741132808
-6.829711549802636
-6.829704092298383
-6.829668793444887
-6.8294192156353555
-6.829674262281344
-6.829693651792437
-6.8295017453493285
-6.829726464811183
-6.829679731117802
-6.829586263731033
-6.829679731117804
-6.829676250949162
-6.829640952095645
-6.8297165214721725
-6.82975977499687
-6.829753311826505
-6.8297672325011325
-6.829783141843543
-6.829705583799238
-6.829656861438061
-6.829735413816278
-6.829733425148465
-6.829657855771967
-6.8298174463630845
-6.829745357155303
-6.829679731117799
-6.829768226835026
-6.829720995974726
-6.8297448599883515
-6.829726961978136
-6.829822915199554
-6.829399826124281
-6.829716024305211
-6.829701109296689
-6.829706080966175
-6.8296742622813555
-6.829697131961088
-6.829658850105879
-6.829719007306889
-6.829706578133156
-6.829674759448298
-6.829670782112641
-6.829703595131453
-6.829717515806061
-6.829788113513043
-6.829655867104158
-6.829767232501125
-6.829392368619991
-6.829369996107169
-6.8296911659576685
-6.829467440829671
-6.829783639010493
-6.829688680122906
-6.829693651792428
-6.829719504473846
-6.829660838773672
-6.829573834557256
-6.8297239789763955
-6.82959968723864
-6.829671279279644
-6.829656364271119
-6.829624545586234
-6.8295852693971355
-6.8296006815726065
-6.829705086632273
-6.829674262281352
-6.829643437930397
-6.829608636243837
-6.829652884102443
-6.8296996177958285
-6.829606150409059
-6.829599190071739
-6.8293943572877716
-6.829653878436313
-6.829647912432961
-6.829592726901379
-6.829528095197695
-6.8296001844056535
-6.829625042753201
-6.82938292244791
-6.829498265180681
-6.8295912354005495
-6.829603167407375
-6.829544998874098
-6.829680725451714
-6.8295554393800435
-6.829585766564089
-6.829631505923582
-6.829598692904807
-6.829666804777059
-6.829561405383488
-6.82963349459138
-6.829523620695188
-6.829514174523101
-6.829541518705426
-6.829516660357872
-6.829598692904811
-6.829511191521388
-6.829618579582852
-6.8294744011669835
-6.8294639606609975
-6.829495282178974
-6.829477384168687
-6.829474401167012
-6.829448548485531
-6.829551959211393
-6.829558422381768
-6.829467937996609
-6.829506717018845
-6.829595709903031
-6.829465949328836
-6.8295743317242135
-6.829559913882631
-6.829489813342494
-6.829455011655881
-6.829505722684945
-6.829590241066623
-6.829538535703731
-6.829034408414351
-6.829501745349316
-6.82958526939714
-6.829426175972711
-6.829660838773573
-6.829437610812583
-6.8295305810325155
-6.829573834557263
-6.829558422381755
-6.8295454960410495
-6.82955394787922
-6.829458988991498
-6.829529089531655
-6.829496276512856
-6.829494287845043
-6.829453520155038
-6.829575326057999
-6.829534558368124
-6.829588252398815
-6.82950970002056
-6.8295410215384855
-6.829586263731035
-6.829540027204584
-6.829569360054684
-6.8295435073732405
-6.8295241178621495
-6.8295967042368835
-6.829473904000058
-6.82961659091504
-6.829489813342501
-6.829632500257428
-6.829642940763457
-6.829618579582847
-6.8295445017071295
-6.829623054085391
-6.829629020088826
-6.829738396817974
-6.829511191521401
-6.829617088082007
-6.829564388385148
-6.829458491824444
-6.829598692904816
-6.829624545586255
-6.829521134860422
-6.829507711352721
-6.82971652147215
-6.829687685789016
-6.8296046589082025
-6.829623054085398
-6.829659347272812
-6.829648906766832
-6.829656861438083
-6.829695143293292
-6.829626037087116
-6.829646918099049
-6.829690668790723
-6.829602670240424
-6.829629020088827
-6.829549473376654
-6.8296175852489425
-6.8295882523988345
-6.8296677991109975
-6.829622059751483
-6.829555936547014
-6.82956836572077
-6.829533564034185
-6.829622059751508
-6.8296076419099165
-6.8295763203920075
-6.8296305115896665
-6.829571845889439
-6.829688680122916
-6.829591235400552
-6.829571348722513
-6.829653878436375
-6.829570851555542
-6.8296354832591915
-6.829637969093949
-6.829578806226761
-6.829603664574324
-6.829552456378359
-6.829614602247237
-6.829647912432967
-6.829603167407371
-6.82964592376515
-6.829593721235304
-6.829589246732749
-6.8296106249116475
-6.829573834557263
-6.829563891218231
-6.829637471926996
-6.829708069633976
-6.829649403933819
-6.829601178739575
-6.829665810443184
-6.829607144742989
-6.829662330274534
-6.829646420932107
-6.829563891218243
-6.82966630761014
-6.82961857958286
-6.829732430814541
-6.829637969093945
-6.829638466260865
-6.829585269397136
-6.8296598444397745
-6.82964890676686
-6.829676748116113
-6.829563394051264
-6.8295594167156715
-6.829621065417612
-6.829754803327318
-6.829641449262603
-6.829572343056415
-6.8296528841024715
-6.82972348180948
-6.829608636243833
-6.829708069634009
-6.829631008756626
-6.829672770780508
-6.829653381269412
-6.829708566800946
-6.829557428047875
-6.829551959211411
-6.829576817558973
-6.829703595131448
-6.829664318942341
-6.829572343056415
-6.829628522921879
-6.829652884102472
-6.829703097964497
-6.829614105080296
-6.829611619245546
-6.829603167407367
-6.82959819573787
-6.829608636243833
-6.829683211286472
-6.829538535703727
-6.829630511589663
-6.829604161741281
-6.829586760897983
-6.829618579582853
-6.829605653242118
-6.829562399717368
-6.829592726901385
-6.829650398267721
-6.829821920865645
-6.829702600797553
-6.8297070753000995
-6.829677245283064
-6.8297672325011325
-6.829798056852062
-6.829726961978124
-6.829683211286453
-6.8296876857890325
-6.829692657458538
-6.82983385287245
-6.829708069634008
-6.829683211286472
-6.8296285229218725
-6.829588749565763
-6.829655867104175
-6.829640454928704
-6.829657358605007
-6.829582783562373
-6.829617088082
-6.829591732567471
-6.829588749565791
-6.829677245283061
-6.829629517255761
-6.829559913882594
-6.829551462044445
-6.8295802977276105
-6.829588252398849
-6.829621562584531
-6.8295092028535835
-6.829620568250646
-6.829509202853591
-6.829613110746382
-6.829618082415901
-6.829543010206284
-6.829612613579435
-6.829471915332252
-6.829746848656092
-6.829612613579439
-6.829536049868968
-6.8296225569184665
-6.8295942184022564
-6.829616093748084
-6.829619076749785
-6.829585766564094
-6.829593721235302
-6.829589743899675
-6.829634488925251
-6.829599190071749
-6.829612613579411
-6.829545993208002
-6.829536547035931
-6.8298333557054205
-6.829612116412487
-6.829539530037593
-6.829525609362972
-6.829559913882623
-6.829649403933806
-6.829531575366417
-6.829468932330509
-6.829521134860425
-6.82953008386556
-6.829570354388605
-6.8296185795828315
-6.829524117862111
-6.829542015872374
-6.8295320725333575
-6.829582286395435
-6.829621562584549
-6.829472412499189
-6.829553450712232
-6.829564388385162
-6.829557925214817
-6.829530581032494
-6.829502242516263
-6.829565879886023
-6.829495282178963
-6.829628025754912
-6.8296031674073285
-6.8294858360068424
-6.829537541369796
-6.829492796344215
-6.829597201403909
-6.829459486158463
-6.829541518705418
-6.8295857665640725
-6.829518151858736
-6.82965586710415
-6.829588749565758
-6.8295211348604
-6.829509700020534
-6.829530581032491
-6.829567371386886
-6.829487824674686
-6.829536049868962
-6.829509700020535
-6.829537541369781
-6.829567371386893
-6.829427170306623
-6.829523123528223
-6.829490310509459
-6.829420707136229
-6.8297274591449435
-6.829450039986379
-6.829501745349316
-6.829493293511145
-6.829502739683228
-6.829554445046156
-6.829547484708846
-6.8295295866985954
-6.829567371386825
-6.829583280729309
-6.829577811892848
-6.8295469875418435
-6.829543507373195
-6.829590241066633
-6.829460480492326
-6.829535055535071
-6.829596207070037
-6.8295196433595775
-6.829569360054688
-6.829560908216496
-6.829660341606726
-6.829516163190923
-6.829539032870677
-6.829512185855305
-6.829511688688354
-6.8296041617412655
-6.829589743899686
-6.82956836572079
-6.829544998874066
-6.829606150409052
-6.829688680122904
-6.829559913882604
-6.829506717018852
-6.8295017453493285
-6.829555936547007
-6.829578309059785
-6.829561405383483
-6.829546490374947
-6.8296623302745125
-6.829611619245532
-6.829683708453377
-6.829589743899697
-6.829598692904802
-6.8295912354005255
-6.829620568250646
-6.829655369937181
-6.829582783562375
-6.829582783562373
-6.829592726901386
-6.829591235400547
-6.829817446363073
-6.829551959211382
-6.829520140526529
-6.829600681572593
-6.8295773147259204
-6.829590241066652
-6.829572343056367
-6.8295574280477815
-6.829678736783869
-6.829551462044466
-6.829616093748051
-6.829641449262538
-6.829601675906503
-6.829553947879217
-6.829575326058105
-6.8295638912182355
-6.8296379690939055
-6.829772204170545
-6.829626534254025
-6.829605156075167
-6.82953903287066
-6.829588749565732
-6.829531575366368
-6.829539530037601
-6.829458988991489
-6.829708566800808
-6.829612613579432
-6.829587755231851
-6.829573834557248
-6.829607641909919
-6.829570851555553
-6.829566377052963
-6.829597698570869
-6.829574828891125
-6.82956389121821
-6.829735413816219
-6.82961758524895
-6.82956239971735
-6.829530083865545
-6.829585269397122
-6.82955742804788
-6.8295947155691605
-6.829517157524819
-6.829557428047875
-6.8296280257549045
-6.8297155271381955
-6.82963200309047
-6.829618579582816
-6.8295345583681
-6.82958178922846
-6.829864180056293
-6.82957134872249
-6.829602670240361
-6.8295589195487025
-6.829581789228478
-6.829626037087125
-6.829640952095622
-6.829546490374952
-6.8295703543886015
-6.8295330668672705
-6.829491802010286
-6.8295638912182355
-6.829490310509407
-6.82955742804785
-6.829512185855278
-6.829633991758293
-6.829522626361292
-6.82952461502908
-6.829494287845056
-6.829565382719063
-6.829616590915017
-6.829623054085395
-6.829575326058074
-6.829601675906498
-6.829546490374938
-6.829674759448296
-6.8295807948945155
-6.82948683034077
-6.82958874956579
-6.829499259514577
-6.829626037087091
-6.829580297727618
-6.829520637693446
-6.829583280729325
-6.82953903287067
-6.829732430814534
-6.829607144742983
-6.829516660357844
-6.829528592364707
-6.829483847339077
-6.829583280729328
-6.829561405383452
-6.8295067170188295
-6.8296225569184585
-6.8295241178621255
-6.829692657458522
-6.829638963427816
