0.0002615234211507361
0.00027494723757184923
0.0002585403508344893
0.0002525742102026398
0.00025704881567668484
0.00026699238339608237
0.00025356856697529134
0.000256054458904938
0.00028240491336169253
0.0002625177779228542
0.00028091337820323136
0.0002819077349754698
0.000269478275326254
0.00025257421020317055
0.0002694782753255921
0.00027196416725627705
0.00026500366985225964
0.0002744500591854858
0.0002689810969398645
0.0002829020917474406
0.0002749472375713939
0.0002863823404486635
0.00027743312950144944
0.0002814105565889789
0.0003008005136421347
0.000300800513642123
0.0002988118000980565
0.0003157158652212748
0.0003042807623437392
0.0003221791842393324
0.0002973202649400784
0.00031422433006338476
0.0002978174433261025
0.00030527511911573576
0.00030875536781769554
0.00031223561651957856
0.0003092525462035558
0.0003017948704139856
0.000302789227185752
0.0003281453248709723
0.0003182017571513169
0.0003191961139231302
0.0003092525462034619
0.00033361428711659426
0.0003092525462036218
0.00029732026493998055
0.00030278922718600295
0.0003032864055716913
0.0003167102219932719
0.0003276481464848393
0.00030328640557189085
0.00030080051364203526
0.0002938400162382815
0.00029533155139629177
0.0003077610110455791
0.0003276481464849641
0.00031322997329151243
0.0003152186868353105
0.0003112412597474322
0.00032416789778288665
0.00031422433006334937
0.00031223561651929775
0.0003008005136419059
0.00031024690297542005
0.00032466507616888286
0.0002988118000979401
0.00030974972458945154
0.00031223561651931494
0.00030278922718575857
0.00030577229750159535
0.00030527511911562067
0.000322676362625023
0.00030477794072962457
0.0003172074003792603
0.0003027892271857498
0.0003062694758876432
0.0003167102219931673
0.0003122356165193006
0.0003182017571511258
0.0003251622545550054
0.0003172074003793764
0.00032466507616888443
0.000326653789712822
0.0003107440813615832
0.00030278922718592624
0.0003286425032566951
0.00031720740037917807
0.0003152186868353326
0.0003092525462035529
0.00032466507616912653
0.0003112412597476438
0.0002968230865542734
0.00029980615686985273
0.00031820175715130335
0.00030726383265989985
0.0003042807623439856
0.00029185130269422074
0.00030129769202784774
0.0002973202649402744
0.0002878738756064735
0.0002978174433262767
0.00031671022199323233
0.0003241678977831223
0.0002799190214312482
0.0002998061568703189
0.0002978174433261275
0.00029533155139616237
0.0002928456594663386
0.0002928456594665505
0.0002873766972206334
0.0002640093130800947
0.00027146698886959823
0.0002749472375715763
0.00027047263209772226
0.0002679867401677519
0.000279919021430979
0.00027942184304567723
0.00027544441595744266
0.00026351213469418244
0.0002655008482381404
0.00027544441595762117
0.0002744500591856022
0.0002804161998173572
0.0002684839185539669
0.0002600318859926254
0.00027146698887024317
0.00028687951883494704
0.0002694782753261438
0.00027295852402815074
0.0002814105565896053
0.000283399270133246
0.0002838964485192707
0.00027494723757195196
0.00026997545371223254
0.0002759415943436475
0.00027793030788760226
0.00026251777792267477
0.00027793030788740656
0.0002853879836770915
0.00026351213469442297
0.00027594159434351655
0.00026997545371209767
0.00026947827532590717
0.00026351213469421263
0.00027196416725612494
0.00026003188599265856
0.00027991902143176506
0.00026003188599266566
0.00026699238339646174
0.00025257421020342805
0.0002739528807996206
0.0002655008482385968
0.0002640093130805215
0.0002645064914660346
0.00026699238339610026
0.0002471052479575681
0.00027445005918557097
0.00026997545371163645
0.0002446193560277265
0.00026052906437827177
0.0002520770318167642
0.00027445005918563266
0.00025704881567678757
0.0002411391073259
0.00025804317244833324
0.0002595347076067898
0.0002714669888697393
0.00024412217764121052
0.0002461108911851971
0.0002401447505538108
0.00025108267504476116
0.0002515798534305905
0.00023765885862388455
0.00023567014508020555
0.00023368143153622677
0.00024710524795718393
0.00023964757216808703
0.00023567014508020555
0.00023268707476416063
0.0002267209341329414
0.00024113910732580018
0.00022025761511528584
0.00023666450185199305
0.00020534226353683568
0.00022025761511586746
0.00021628018802785396
0.0002222463286592409
0.00020981686901026664
0.00020782815546675987
0.00020782815546698422
0.0002088225122385347
0.00021478865287040416
0.00020882251223894112
0.00018545512809852726
0.0002073309770813395
0.00019042691195899253
0.00022075479350207688
0.00020186201483539019
0.00019639305258948152
0.00019937612290601734
0.00020782815546766822
0.0002038507283794405
0.00019291280388819207
0.00018694666325698138
0.00019788458774782115
0.00018992973357245116
0.00018147770101182529
0.00019639305259052382
0.00019390716066042856
0.00019291280388835202
0.00020186201483567145
0.00018446077132756527
0.00019291280388863098
0.00019142126873141204
0.00017252849006480018
0.00016457363588979045
0.00017501438199494842
0.00014965828431116144
0.00013623446789142235
0.000171534133293702
0.0001635792791196427
0.00017103695490800885
0.00015264135462787821
0.00016606517104915698
0.0001640764575054993
0.00013175986241835657
0.00014568085722487518
0.00015363571140062268
0.00014070907336620277
0.00015114981947004483
0.00015363571140078916
0.00014269778691085213
0.000127285256945511
0.00016407645750536026
0.00014021189498150113
0.00014568085722555316
0.00014070907336631954
0.00016507081427665773
0.000157115960102644
0.00015960185203177645
0.00013474293273478373
0.0001451836788392666
0.0001392175382086705
0.00013722882466326024
0.0001392175382088939
0.0001267880785600117
0.00012629090017345808
0.00012082193792766448
0.00012877679210311478
0.00013872035982182823
0.00011684451084028821
0.00012529654340121864
0.00012082193792909363
0.0001451836788384771
0.00011187272698079275
0.0001357372895056021
0.00012430218662911994
9.944326733249616e-05
0.00011236990536737815
0.0001039178728062012
9.944326733198103e-05
0.00011783886761229316
0.00011485579729616427
8.900252122824276e-05
7.806459673689437e-05
0.00010640376473549953
0.00011535297568134979
9.646019701608004e-05
0.00011982758115520313
9.447148347281793e-05
7.060692094799235e-05
0.00010789529989249266
8.651662929717054e-05
0.0001218162946984968
0.00010292351603365993
8.452791575342838e-05
8.502509414010162e-05
9.148841315717388e-05
8.104766705219011e-05
8.154484543818984e-05
9.049405638495712e-05
8.055048866632791e-05
9.447148347259973e-05
8.502509414036756e-05
0.0001019291592613252
8.800816445497334e-05
8.15448454384776e-05
9.397430508646864e-05
6.911538579017905e-05
7.707023996479758e-05
7.160127771918823e-05
7.110409933429252e-05
6.911538579019724e-05
7.209845610570862e-05
5.7183104528281794e-05
7.110409933452657e-05
6.464078031701997e-05
9.496866185788862e-05
8.452791575425232e-05
9.198559154250437e-05
6.6629493860472e-05
6.911538578979398e-05
8.15448454385878e-05
8.552227252616568e-05
6.762385063179212e-05
8.253920221086465e-05
3.9284682634904656e-05
5.4697212599098226e-05
6.81210290188744e-05
8.00533102813075e-05
7.905895350869508e-05
6.116053161585636e-05
7.25956344920673e-05
4.475364488086247e-05
5.768028291476801e-05
5.618874775767726e-05
4.77367151959183e-05
5.469721259852978e-05
6.513795870383158e-05
4.027903940743348e-05
4.8233893581913823e-05
5.6188747756498517e-05
5.6188747757159236e-05
5.121696389850345e-05
6.016617484392029e-05
4.574800165279661e-05
6.165771000219883e-05
4.972542874044666e-05
5.4200034213428846e-05
5.270849905567905e-05
5.121696389755524e-05
6.762385063331263e-05
3.580443393380514e-05
5.8674639687418766e-05
5.121696389900652e-05
4.525082326651983e-05
4.375928810873843e-05
5.320567744174513e-05
6.414360193238192e-05
3.9284682635406676e-05
5.718310452845736e-05
5.86746396873557e-05
6.364642354486005e-05
5.27084990553981e-05
6.016617484439505e-05
5.519439098580785e-05
5.07197855120368e-05
5.071978551190149e-05
4.276493133771809e-05
5.86746396879085e-05
5.668592614254021e-05
4.475364488133889e-05
5.618874775630077e-05
4.922825035426351e-05
5.469721259902313e-05
4.823389358157103e-05
5.320567744171779e-05
3.580443393493095e-05
4.823389358224355e-05
6.016617484385717e-05
5.2211320669857806e-05
4.574800165274559e-05
6.513795870390505e-05
3.28213636192235e-05
3.132982846117321e-05
5.320567744144855e-05
4.8233893581650396e-05
4.9228250354320456e-05
6.31492451603958e-05
3.6798790706019604e-05
7.060692094869196e-05
5.121696389768305e-05
4.1770574564543026e-05
4.326210972308112e-05
2.9341114917261338e-05
6.165771000125969e-05
2.2877795899996263e-05
3.5307255547708157e-05
5.569156937085126e-05
4.177057456417362e-05
3.928468263497742e-05
1.0019469192100031e-06
3.232418523216298e-05
2.5860866215165514e-05
3.729596909180701e-05
3.580443393356549e-05
3.083265007424663e-05
2.9838293302813953e-05
3.331854200384281e-05
3.0335471688376973e-05
3.829032586291256e-05
3.132982846013844e-05
1.8403190425618287e-05
1.5917298496360652e-05
3.083265007406223e-05
3.53072555474633e-05
2.8346758144513873e-05
2.0889082355760174e-05
1.8900368811967974e-05
3.431289877579222e-05
9.951157864828626e-06
2.188343912718177e-05
2.0889082355236582e-05
1.6414476881513878e-05
-9.935977571770685e-06
-2.4783017827011632e-06
9.951157864902118e-06
2.6855222986312655e-05
7.962444321293023e-06
8.95680109337388e-06
2.884393652978094e-05
1.1442693022817513e-05
1.7408833654088703e-05
1.3431406566652949e-05
-9.86766625405661e-07
1.996303690960404e-06
-7.450085642337122e-06
1.840319042505828e-05
1.9963036903681628e-06
-8.444442413525855e-06
1.4991253044601382e-06
-5.4613720980310515e-06
-1.0433155957599355e-05
-6.9529072568740084e-06
2.9906604620031005e-06
-1.093033434362643e-05
-2.2862615604574582e-05
-2.4354150762396966e-05
-1.0930334343625147e-05
-1.0433155955923734e-05
-3.628643202471598e-05
-1.0433155957544386e-05
-5.461372098644114e-06
-8.941620799500559e-06
-1.5404939816165307e-05
-1.5404939816461267e-05
-2.9754801686485174e-06
-1.4839450113904697e-06
-5.461372098528642e-06
-1.639929658812223e-05
-1.2919047887278772e-05
4.979374006233127e-06
-2.7834399464128298e-05
-4.1258215883807206e-05
-1.6399296588042866e-05
-2.932593462100446e-05
-2.3856972377237943e-05
-1.3416226273279532e-05
-4.7224356514387294e-05
-3.3303361709165206e-05
-3.280618332361564e-05
-2.6342864305839517e-05
-2.3856972377158895e-05
-3.181182655076813e-05
-3.032029139412776e-05
-3.429771848147963e-05
-5.1698961987942876e-05
-4.0761037498013644e-05
-2.833157785048583e-05
-3.8772323954578557e-05
-3.1314648165254296e-05
-4.424128619942558e-05
-3.479489686692777e-05
-1.4907761431056681e-05
-2.5348507534885645e-05
-2.4354150763142734e-05
-3.4794896866691644e-05
-5.816228100495891e-05
-2.9325934621303098e-05
-2.8828756236634894e-05
-3.877232395431638e-05
-3.926950234012943e-05
-3.777796718290005e-05
-2.8828756236463166e-05
-3.827514556877298e-05
-2.3856972377387553e-05
-4.274975104113972e-05
-2.435415076343938e-05
-5.567638907475708e-05
-3.380054009571438e-05
-4.076103749791964e-05
-3.529207525358163e-05
-3.181182655135847e-05
-2.8828756236350263e-05
-1.2421869500993111e-05
-4.3744107813880206e-05
-2.1868258833670166e-05
-2.5348507534862856e-05
-4.8715891672077575e-05
-4.274975104101345e-05
-5.2196140373966045e-05
-3.976668072596269e-05
-2.7337221078346726e-05
-3.2806183323652066e-05
-3.57892536387725e-05
-2.9823113007800802e-05
-3.429771848158989e-05
-4.125821588394445e-05
-2.137108044808053e-05
-2.0376723675352085e-05
-4.424128619965847e-05
-3.9269502340436514e-05
-5.368767553169801e-05
-4.026385911203822e-05
-4.722435651470605e-05
-4.921307005850705e-05
-4.9710248444580965e-05
-4.42412861994425e-05
-2.4354150763605245e-05
-6.313406486351343e-05
-4.473846458490558e-05
-4.821871328654163e-05
-6.0648172934583726e-05
-3.7777967182912726e-05
-3.9766680726318194e-05
-5.9653816162385085e-05
-6.064817293446175e-05
-4.47384645858622e-05
-5.319049714565692e-05
-6.86030271083383e-05
-6.263688647782526e-05
-5.070460521624938e-05
-6.71114919507485e-05
-4.57328213574389e-05
-4.225257265581553e-05
-4.573282135704953e-05
-6.363124324991426e-05
-7.506634612512504e-05
-5.6173567461056727e-05
-6.015099454832176e-05
-5.5676389075317185e-05
-6.313406486403386e-05
-5.766510261921546e-05
-6.512277840736094e-05
-6.213970809184108e-05
-7.407198935398166e-05
-6.51227784074904e-05
-7.258045419605907e-05
-5.070460521614076e-05
-7.059174065241843e-05
-6.76086703368228e-05
-5.816228100504218e-05
-5.368767553167749e-05
-4.4241286199369304e-05
-6.810584872219962e-05
-5.169896198787161e-05
-4.573282135741937e-05
-5.468203230346433e-05
-6.114535132033759e-05
-3.2806183323834836e-05
-7.506634612562957e-05
-5.02074268303898e-05
-5.070460521590262e-05
-5.468203230324119e-05
-7.407198935362545e-05
-5.766510261877663e-05
-6.711149195069744e-05
-6.611713517920013e-05
-7.208327581015624e-05
-6.71114919508194e-05
-6.313406486380616e-05
-8.202684352734879e-05
-8.849016254449012e-05
-6.910020549468842e-05
-7.655788128277337e-05
-7.85465948268187e-05
-8.50099138431266e-05
-8.003812998447716e-05
-6.711149195117107e-05
-6.263688647746483e-05
-8.451273545712164e-05
-6.412842163583076e-05
-8.650144900113409e-05
-7.705505966883693e-05
-8.103248675590451e-05
-7.059174065233157e-05
-6.860302710856471e-05
-7.755223805472026e-05
-9.246758963158632e-05
-6.860302710884674e-05
-6.164252970580585e-05
-6.0648172934389525e-05
-8.500991384253162e-05
-7.55635245112351e-05
-7.606070289697855e-05
-9.147323285990361e-05
-5.3190497145545e-05
-7.258045419520551e-05
-8.401555707158508e-05
-5.766510261854503e-05
-7.854659482630246e-05
-8.103248675577504e-05
-8.650144900051116e-05
-6.711149195122863e-05
-7.755223805451531e-05
-8.451273545741245e-05
-7.307763258181423e-05
-6.0150994548440156e-05
-5.9653816162213015e-05
-7.506634612530655e-05
-7.7055059669252e-05
-9.097605447398286e-05
-8.699862738673082e-05
-7.556352451129365e-05
-7.755223805452312e-05
-7.258045419562252e-05
-9.097605447391e-05
-8.003812998438088e-05
-7.755223805469489e-05
-6.064817293411531e-05
-8.401555707088729e-05
-6.0150994548488e-05
-7.705505966886687e-05
-7.456916773923716e-05
-7.804941644023859e-05
-6.910020549469689e-05
-7.258045419563782e-05
-8.500991384280132e-05
-5.418485391782627e-05
-6.661431356523406e-05
-5.4184853917697784e-05
-8.699862738685771e-05
-7.655788128264425e-05
-7.55635245113291e-05
-5.517921068954802e-05
-9.097605447372718e-05
-5.219614037393189e-05
-8.84901625442767e-05
-6.064817293401414e-05
-7.009456226593166e-05
-7.158609742393428e-05
-9.594783833224715e-05
-7.506634612555931e-05
-7.456916773941671e-05
-7.854659482682686e-05
-6.561995679288872e-05
-6.910020549427725e-05
-8.500991384316694e-05
-7.755223805472514e-05
-7.10889190380607e-05
-9.246758963151314e-05
-7.258045419582357e-05
-7.456916773904784e-05
-7.854659482623936e-05
-8.401555707108638e-05
-7.1088919037941e-05
-8.15296651417797e-05
-5.915663777663544e-05
-8.749580577260341e-05
-8.600427061482334e-05
-7.705505966881709e-05
-6.512277840697513e-05
-5.766510261890708e-05
-6.760867033696395e-05
-7.506634612504891e-05
-7.655788128294516e-05
-8.053530837034388e-05
-6.711149195083177e-05
-6.810584872314654e-05
-7.258045419551811e-05
-7.755223805466041e-05
-8.650144900063801e-05
-5.816228100474064e-05
-7.75522380549239e-05
-8.600427061520719e-05
-8.99816977023636e-05
-7.009456226572413e-05
-7.059174065224569e-05
-6.860302710840826e-05
-6.363124324959287e-05
-7.556352451127154e-05
-7.506634612544513e-05
-7.009456226587051e-05
-7.506634612525221e-05
-7.158609742356473e-05
-7.258045419548428e-05
-8.451273545755104e-05
-5.865945939085233e-05
-6.711149195116846e-05
-7.059174065245908e-05
-6.959738388055646e-05
-7.00945622664362e-05
-5.716792423315256e-05
-6.363124324937427e-05
-6.462560002164871e-05
-7.804941644085048e-05
-6.711149195106925e-05
-6.114535132034963e-05
-4.3246929427572054e-05
-6.164252970636501e-05
-8.05353083703787e-05
-4.175539427004863e-05
-8.451273545727386e-05
-4.424128619904239e-05
-5.3687675531744824e-05
-7.804941644068556e-05
-6.512277840757595e-05
-4.324692942786579e-05
-5.6173567460909045e-05
-7.30776325814642e-05
-6.910020549474569e-05
-5.865945939083377e-05
-5.517921068969148e-05
-6.462560002132147e-05
-4.424128620013565e-05
-6.363124324954408e-05
-4.1755394270127996e-05
-7.55635245116801e-05
-3.926950234041701e-05
-5.816228100474031e-05
-5.120178360220818e-05
-6.114535131981681e-05
-1.5404939817394718e-05
-3.777796718285419e-05
-5.8162281004531496e-05
-3.479489686744166e-05
-3.280618332351546e-05
-3.877232395432485e-05
-2.882875623611089e-05
-3.2309004937758324e-05
-3.479489686742607e-05
-4.573282135682835e-05
-4.274975104179351e-05
-4.225257265574462e-05
-5.2196140373560126e-05
-4.125821588388851e-05
-3.728078879615802e-05
-2.982311300788667e-05
-3.678361041074502e-05
-3.330336170919063e-05
-2.3856972377393082e-05
-2.4851329149067383e-05
-4.2252572655114945e-05
-2.982311300779884e-05
-2.2365437219409054e-05
-1.3913404659476392e-05
-1.490776143071617e-05
-2.435415076354442e-05
-2.7834399463645313e-05
-4.964193712257639e-06
-3.877232395417459e-05
-9.438799185095104e-06
-7.947264028532988e-06
-1.4907761430863178e-05
-1.1924691114625894e-05
-1.590211820269749e-05
-6.4557288704673544e-06
-1.3416226272887615e-05
-1.9811233969417377e-06
-1.4410583044460125e-05
1.0019469189719303e-06
-5.4613720986340306e-06
-2.584568592010841e-05
-5.9585504843693915e-06
-6.952907256164981e-06
1.3928584952442293e-05
4.979374006045407e-06
2.4934820764645223e-06
2.4934820766199834e-06
-5.461372098298054e-06
-1.483945010662925e-06
-1.1427512729298998e-05
2.1883439126628916e-05
1.790601203951609e-05
1.7408833653010627e-05
-2.9754801686615503e-06
6.4709091637393035e-06
1.3431406565716649e-05
1.4425763338091135e-05
3.132982845934818e-05
1.2437049794619597e-05
2.9341114915833054e-05
2.685522298707238e-05
3.779314747707995e-05
2.7352401372422015e-05
2.5860866215823716e-05
5.4765523917589525e-06
3.381572038952063e-05
1.1939871409023445e-05
3.1329828459503627e-05
2.4369331057758108e-05
5.4200034212761906e-05
2.635804460103812e-05
4.972542873955566e-05
4.4256466494493944e-05
3.232418523283349e-05
4.127339617850815e-05
5.171414228373286e-05
3.978186102201517e-05
4.425646649454274e-05
6.364642354555957e-05
4.525082326692498e-05
5.27084990559278e-05
4.7239536809959466e-05
3.978186102137327e-05
4.027903940785623e-05
5.817746130146067e-05
4.8731071968983424e-05
5.718310452918052e-05
4.873107196860748e-05
3.630161231932458e-05
4.72395368100047e-05
4.425646649435446e-05
5.1216963897584856e-05
4.5250823266659314e-05
6.314924515949537e-05
5.867463968629823e-05
4.226775295162466e-05
4.5250823266049634e-05
5.618874775695701e-05
4.92282503539572e-05
5.1216963898159104e-05
5.91718180725471e-05
5.07197855115913e-05
7.110409933401146e-05
4.425646649542863e-05
8.253920221161157e-05
6.812102901768815e-05
7.65730615785282e-05
8.104766705263428e-05
6.563513708929295e-05
8.253920220973214e-05
9.29799483148157e-05
8.353355898189972e-05
8.005331028094082e-05
7.657306157807653e-05
6.861820740428015e-05
7.756741835063214e-05
6.46407803173647e-05
6.911538579017195e-05
7.30928128782642e-05
8.1047667051889e-05
7.50815264210379e-05
8.850534284113896e-05
6.96125641761372e-05
8.154484543822952e-05
8.701380768401546e-05
7.707023996547565e-05
8.552227252576774e-05
8.05504886668671e-05
7.756741835084549e-05
9.049405638513338e-05
8.850534284217209e-05
9.347712670051928e-05
9.944326733269419e-05
0.00011187272698106372
0.00012330782985696734
0.00011236990536653372
0.0001078952998931599
0.00010391787280601557
0.00010391787280614336
0.0001272852569452391
0.00010789529989362989
0.0001069009431214873
0.00013126268403270054
0.00014269778690932644
0.00012927397048819817
0.00012032475954161042
0.0001307655056471723
0.00015015546269814774
0.0001372288246644273
0.00013175986241908047
0.00016009903041786303
0.0001307655056465138
0.00013275421919064614
0.00014269778690968735
0.00015214417624254085
0.00017700309553994728
0.00012927397048901893
0.0001466752139978232
0.00015114981947052282
0.0001342457543482181
0.00015065264108452505
0.0001551272465567054
0.0001412062517512296
0.00017153413329480918
0.00016159056557471055
0.00016357927911846243
0.0001660651710482491
0.00016805388459140724
0.00018694666325804387
0.0001765059171525812
0.0001556244249428982
0.00018048334424014445
0.00017650591715293466
0.0001814777010123156
0.00017948898746793037
0.00018545512809924189
0.00019788458774849414
0.0001914212687308746
0.00018197487939748658
0.00019689023097601766
0.00021379429609875286
0.0002113084041689018
0.00020683379869526337
0.0001879410200292718
0.00020285637160794403
0.00018943255518715462
0.00019241562550278792
0.00021628018802796905
0.00019539869581797586
0.00018893537680076314
0.00020186201483507807
0.00020385072837908417
0.0002053422635375213
0.00021329711771197164
0.00021727454480019578
0.00021130840416826714
0.00022423504220426554
0.0002287096476770236
0.00022174915027306887
0.00021777172318584504
0.00023716168023784622
0.0002257265773608301
0.00022970400444879548
0.00023964757216784517
0.00022473222058912255
0.00024113910732576215
0.00023119553960648616
0.00024163628571173489
0.00023517296669407577
0.0002461108911851402
0.0002535685669747049
0.00025257421020281526
0.0002699754537116085
0.00024859678311530114
0.0002466080695718077
0.00026450649146582856
0.0002565516372905928
0.00024263064248359784
0.0002689810969398122
0.00026351213469455464
0.0002684839185543966
0.00026450649146607326
0.0002471052479576566
0.00024362499925575725
0.0002590375292205651
0.0002446193560279707
0.0002684839185552778
0.00026599802662428934
0.00026848391855451714
0.0002510826750450011
0.00027295852402745116
0.00027096981048416185
0.0002510826750455778
0.0002505854966589496
0.0002739528808000784
0.00027842748627308775
0.00026798674016786017
0.00026848391855433613
0.00025854035083449327
0.0002525742102033657
0.0002809133782039556
0.00026649520501090734
0.0002709698104841459
0.00025704881567682167
0.0002724613456418295
0.0002575459940627629
0.00028190773497516647
0.00027146698887018636
0.0002590375292204647
0.0002804161998175044
0.0002640093130805202
0.00026351213469402143
0.00026599802662404486
0.0002689810969400982
0.000264506491465981
0.0002759415943434558
0.00026400931308021757
0.0002605290643783566
0.00027892466465922176
0.0002595347076062781
0.00027991902143109605
0.00029234848108063757
0.000252574210202682
0.0003012976920281845
0.00026003188599213386
0.0002794218430451103
0.00028141055658927955
0.000275941594343234
0.00028439362690480305
0.00029234848108038327
0.0002769359511153567
0.0002988118000981352
0.00030030333525591816
0.0003003033352559279
0.0002809133782028189
0.00029682308655397366
0.00030030333525612557
0.0003052751191156655
0.0003077610110456145
0.00028489080529060676
0.00028737669722071144
0.00029930897848391057
0.0003102469029755826
0.00029930897848386384
0.0002863823404488036
0.0003206876490813062
0.00030129769202782893
0.0002973202649401824
0.000301794870413983
0.0003182017571512637
0.00030726383265964105
0.0002978174433260761
0.00031521868683535853
0.00030328640557184314
0.00031571586522132546
0.00033261993034474523
0.0003077610110456197
0.0003062694758876241
0.00032367071939699415
0.0003172074003793081
0.0003107440813614842
0.0003316255735726792
0.0003236707193968603
0.0003206876490810436
0.00031671022199325277
0.00033013403841470083
0.00029930897848423626
0.0003027892271857612
0.0003102469029755894
0.0003291396816426854
0.00031720740037921645
0.0003017948704137471
0.0003241678977828727
0.0003102469029754506
0.0003107440813615193
0.0002993089784838608
0.00030378358395768095
0.00029831462171195047
0.0003157158652211574
0.0003022920487997156
0.00030229204879974025
0.0003012976920278029
0.00031074408136136226
0.0002948343730101353
0.00029582872978207433
0.0002918513026942217
0.0003022920487997656
0.0003201904706950324
0.00030776101104550396
0.000308258189431466
0.0002978174433259871
0.0003027892271857059
0.00031024690297543566
0.0002968230865539834
0.0002948343730101028
0.00031322997329126864
0.000317207400379117
0.0003057722975016708
0.0002938400162383247
0.0003097497245895412
0.0003127327949053658
0.00029035976753635713
0.00032466507616894135
0.0003191961139230782
0.0003012976920278448
0.00031024690297562545
0.00032267636262526617
0.00030378358395792966
0.0002988118000979121
0.000306269475887679
0.00030676665427361113
0.0002943371946242341
0.00030378358395801255
0.00028886823237858996
0.0002943371946241352
0.0003003033352558954
0.00030577229750180726
0.0003012976920279173
0.0003117384381333666
0.0003052751191156928
0.0003017948704139158
0.00030527511911608286
0.0002948343730102445
0.00027892466465908585
0.000294337194624117
0.0003072638326597289
0.0002993089784839262
0.0003012976920281221
0.0003072638326598878
0.0002963259081684309
0.00029185130269447786
0.00031322997329162226
0.0002998061568700751
0.00030527511911592365
0.00032516225455515754
0.00031074408136156837
0.0003107440813614858
0.0003107440813616275
0.00030428076234372036
0.00031372715167728686
0.00030676665427357763
0.0003127327949058279
0.0003162130436074045
0.0003276481464849963
0.00033261993034486683
0.0002978174433261425
0.0003057722975016162
0.00030776101104582315
0.00030676665427388316
0.0003008005136418376
0.0002978174433260748
0.00032068764908133675
0.00031770457876522756
0.00031074408136179984
0.0002983146217119199
0.00028837105399270017
0.0002958287297820223
0.00030328640557173033
0.0002993089784839857
0.00030129769202794234
0.0003067666542735555
0.00028886823237850973
0.0002953315513962384
0.000289862589150346
0.00030527511911559985
0.000298314621712098
0.00027991902143102585
0.0002878738756069182
0.00028141055658885113
0.00030626947588763444
0.0002838964485188384
0.000293840016238235
0.00028290209174699696
0.0002908569459225093
0.00029831462171200956
0.0002918513026942731
0.0002953315513962296
0.00028886823237841156
0.0002908569459223789
0.00028141055658892263
0.0002873766972208512
0.00029135412430852725
0.0002784274862731281
0.000275444415957301
0.0002928456594665449
0.0002694782753259491
0.00026599802662389925
0.0002819077349750807
0.00028837105399287955
0.000270472632098257
0.00025307138858877894
0.0002625177779222359
0.00026003188599260977
0.00025307138858877894
0.0002784274862734616
0.0002605290643787662
0.0002575459940627473
0.0002485967831152803
0.0002560544589049838
0.00025456292374694006
0.00025953470760670463
0.00024809960472924254
0.00025008831827308484
0.0002664952050104461
0.0002540657453612686
0.0002495911398871283
0.00026649520501043344
0.00025356856697500034
0.0002645064914664217
0.0002500883182735363
0.00025704881567695893
0.00026997545371214933
0.0002500883182731001
0.0002679867401683078
0.00024511653441377986
0.0002560544589050901
0.00024461935602745145
0.0002605290643786784
0.0002361673234660001
0.0002684839185541157
0.0002600318859922854
0.00026102624276481116
0.00023964757216812866
0.0002640093130805514
0.000254562923747415
0.00026500366985227525
0.000260031885992902
0.00025605445890545126
0.00024213346409812574
0.00027196416725671003
0.0002724613456419842
0.00024312782087040249
0.0002565516372910791
0.0002406419289400758
0.0002595347076066162
0.00026052906437960555
0.0002381560370101678
0.00023815603701000105
0.00023616732346705408
0.00023964757216828408
0.0002500883182736495
0.00025356856697544963
0.00024809960472982345
0.00023020118283502671
0.00025555728051937835
0.0002505854966595185
0.0002476024263444369
0.00024263064248437286
0.00023119553960728855
0.0002555572805188628
0.00023716168023878474
0.00023915039378245598
0.0002620205995368587
0.0002361673234666757
0.00024611089118584145
0.00025008831827329903
0.00025157985343134343
0.0002391503937825649
0.00025307138858975223
0.00023020118283488688
0.0002356701450805407
0.0002426306424838407
0.00020882251223915506
0.0002277152909056383
0.00023765885862442226
0.0002406419289407644
0.00024859678311622965
0.00021180558255458616
0.00024213346409824015
0.00023368143153711424
0.00023417860992322361
0.00023368143153658271
0.00021478865287066426
0.0002127999393267316
0.00021677736641394145
0.00021826890157230542
0.0001949015174319924
0.0002132971177127746
0.0002113084041685325
0.0001944043390464052
0.00020683379869587196
0.00021628018802800672
0.00019887894451993017
0.00018992973357264914
0.0001978845877478757
0.00020832533385251061
0.00018744384164319015
0.00018644948487101865
0.0001839635929408369
0.0001874438416427785
0.00019440433904604177
0.0001963930525909006
0.00019390716066086295
0.00017551156038048845
0.0001993761229062388
0.00020683379869524882
0.00017053977652165076
0.00018843819841471852
0.00019838176613394475
0.00017551156038132535
0.00016805388459112958
0.00020136483644956046
0.00017551156038064577
0.00016954541974983114
0.0001745172036089832
0.00016258492234612888
0.0001655679926616264
0.00015910467364500214
0.00018296923617002608
0.00015015546269784265
0.00017004259813559088
0.00016805388459220996
0.0001546300681714957
0.0001586074952592024
0.0001690482413640511
0.00016159056557420455
0.00015910467364533252
0.00014866392753998888
0.00015811031687267102
0.0001571159601005857
0.0001750143819956061
0.00016507081427616986
0.00014617803561075453
0.00014418932206626393
0.00014816674915466918
0.00016507081427626256
0.00014667521399669794
0.00013722882466327442
0.00016656234943320992
0.0001600990304168517
0.00014369214368032855
0.0001412062517506989
0.00014418932206679386
0.00014468650045273808
0.00015313853301367823
0.00014021189497905704
0.00017203131168010223
0.00017302566845104144
0.00016656234943369995
0.00016059620880217292
0.00016457363589072546
0.00014717239238289353
0.0001372288246635775
0.0001387203598209284
0.0001402118949789793
0.00012927397048817602
0.00012778243533021348
0.00014816674915346523
0.0001287767921016735
0.00013623446789061847
0.00013822318143496374
0.00012579372178589586
0.0001287767921016547
0.00014220060852260832
0.00012231347308462893
0.00015413288978582924
0.0001337485759612808
0.00014170343013632114
0.00012479936501395847
0.00013573728950484046
0.00011684451083872407
0.00011386144052406652
0.00011535297568118946
0.0001397147165929659
0.00012231347308513257
0.00010690094312014812
0.00014021189497813002
0.00011187272697961259
0.00011435861891008345
0.00011286708375198404
0.00011933040276907688
0.00013026832725914964
0.0001044150511912
0.00010391787280419219
0.00012181629469805199
0.00010938683505052467
0.00014021189497827829
0.00011485579729515684
0.00010292351603275817
0.00010391787280470339
0.00013076550564531194
9.795173217345882e-05
0.00010888965666357803
0.00012131911631233933
9.09912347700961e-05
0.00010988401343569167
9.297994831497015e-05
7.55787048061986e-05
9.297994831358003e-05
8.800816445434638e-05
0.0001054094079625124
9.248276992836068e-05
9.148841315598757e-05
7.408716964846473e-05
8.40307373671873e-05
9.148841315694232e-05
8.999687799829006e-05
9.397430508569297e-05
8.900252122606132e-05
7.458434803476334e-05
8.35335589811648e-05
8.900252122649835e-05
6.563513708780091e-05
7.905895350762977e-05
8.253920220975841e-05
8.055048866559356e-05
6.314924515794523e-05
7.557870480681709e-05
8.90025212265068e-05
7.408716964937262e-05
9.546584024321425e-05
8.005331027943904e-05
7.508152642024149e-05
8.552227252451573e-05
7.259563449099324e-05
7.408716964801109e-05
7.060692094686026e-05
5.917181807066392e-05
7.209845610490864e-05
7.95561318939599e-05
8.005331027932426e-05
5.718310452730522e-05
8.353355898076059e-05
5.519439098303108e-05
9.248276992724858e-05
7.508152642015597e-05
5.618874775505271e-05
6.613231547344555e-05
6.861820740337861e-05
5.9171818070262966e-05
6.116053161403012e-05
6.116053161431206e-05
8.154484543733717e-05
7.358999126211183e-05
7.110409933290815e-05
9.397430508585818e-05
5.8177461298960675e-05
7.060692094719389e-05
6.961256417495541e-05
6.56351370872845e-05
5.022260712351939e-05
7.010974256089465e-05
4.375928810700061e-05
7.707023996404471e-05
4.276493133506255e-05
6.762385063135053e-05
6.016617484256361e-05
8.949969961228217e-05
5.320567743936962e-05
7.557870480604839e-05
6.812102901711223e-05
4.4753644878435886e-05
5.569156936882241e-05
6.513795870158327e-05
6.464078031583752e-05
5.519439098292932e-05
5.817746129852752e-05
3.431289877379191e-05
2.9341114915160533e-05
4.326210972100216e-05
4.3759288106522565e-05
4.077621779136273e-05
5.420003421107973e-05
4.674235842250062e-05
3.33185420021033e-05
5.022260712412688e-05
3.779314747549785e-05
3.1827006844820784e-05
1.8900368810968963e-05
4.425646649294673e-05
2.6358044599663803e-05
6.968087549150439e-06
3.779314747695482e-05
2.4866509442359885e-05
2.784957975783741e-05
1.392858495224267e-05
1.4991253046416519e-06
5.973730777452414e-06
-1.9811233968256015e-06
5.476552391536565e-06
7.59014639844844e-09
1.1442693022485818e-05
2.3374974284439618e-05
3.98501723426028e-06
1.7408833654319686e-05
7.465265935227283e-06
1.4922941724312792e-05
1.840319042573579e-05
-1.4839450102917212e-06
-4.895882394588852e-07
-3.472658554793946e-06
-2.9754801690391013e-06
-4.467015326285783e-06
-2.9754801691054498e-06
-1.639929658815207e-05
-1.192469111514586e-05
-1.142751272940889e-05
1.4425763338452228e-05
-9.93597757138292e-06
-1.4907761430503711e-05
-2.8828756236114748e-05
2.4866509442263293e-05
-2.0376723675467176e-05
-2.2862615605205506e-05
-2.286261560503572e-05
-1.4907761430425648e-05
-3.4726585542992428e-06
-1.490776142974552e-05
-3.429771848111564e-05
-3.181182655054035e-05
-6.455728869805739e-06
-4.2252572654624954e-05
-4.5235642970819764e-05
-3.280618332271199e-05
-1.888518851760416e-05
-3.4297718480878505e-05
-3.529207525199134e-05
-4.274975104060621e-05
-5.020742682938597e-05
-3.2806183323021006e-05
-5.4682032302074335e-05
-2.584568591946621e-05
-2.6342864305575253e-05
-4.52356429693023e-05
-5.41848539158306e-05
-4.573282135586027e-05
-3.280618332244493e-05
-3.578925363710148e-05
-4.772153489908127e-05
-4.921307005686203e-05
-5.020742682886387e-05
-5.81622810028159e-05
-5.1698961985834286e-05
-5.319049714399757e-05
-5.915663777387692e-05
-5.418485391519626e-05
-6.561995679022703e-05
-7.108891903550152e-05
-7.208327580795327e-05
-7.059174064831628e-05
-6.661431356299014e-05
-7.357481096482346e-05
-5.468203230067783e-05
-7.357481096531664e-05
-6.16425297024975e-05
-6.213970809001452e-05
-5.219614037117208e-05
-3.8772323952996035e-05
-6.760867033469724e-05
-6.661431356299599e-05
-6.661431356311048e-05
-6.959738387912188e-05
-6.661431356319639e-05
-8.00381299822195e-05
-7.40719893514173e-05
-7.854659482500515e-05
-7.755223805360773e-05
-8.302120029762715e-05
-7.307763257927559e-05
-7.25804541940308e-05
-7.954095159711507e-05
-7.407198935186102e-05
-8.351837868331823e-05
-9.694219510218921e-05
-8.302120029887571e-05
-9.097605447230338e-05
-7.556352450873439e-05
-9.29647680159791e-05
-8.45127354560475e-05
-9.097605447246997e-05
-9.594783833090637e-05
-9.296476801586694e-05
-9.942808703235077e-05
-8.998169770068312e-05
-8.948451931400585e-05
-8.799298415692923e-05
-9.843373026058155e-05
-0.00010439987089118335
-0.00010638858443515718
-8.948451931397614e-05
-9.843373026049308e-05
-9.296476801670815e-05
-8.05353083685269e-05
-0.00011136036829373633
-0.00011881804408206919
-0.00012180111439747417
-0.00010986883313636839
-0.00012180111439636233
-0.00012876161179931997
-0.00011881804408096158
-0.00013025314695721423
-0.00012428700632658669
-0.00013224186050005563
-0.00014417414176132239
-0.0001536205310928843
-0.0001496431040063008
-0.00015312335270609243
-0.0001218011143965556
-0.0001257785414836495
-0.00012776725502635462
-0.0001451684985333333
-0.00013870517951747603
-0.0001322418604996838
-0.00015660360140799885
-0.00015014028239086373
-0.00012378982794023464
-0.0001406938930608369
-0.00015660360140805284
-0.0001660499907405751
-0.00017002741782679126
-0.0001680387042832088
-0.00015362053109249684
-0.00013820800113063531
-0.00017052459621415576
-0.00017002741782699295
-0.00016604999074085227
-0.00015163181754985296
-0.00014765439046358342
-0.00016953023944166822
-0.00018693148294717527
-0.00019090891003458441
-0.00019190326680662114
-0.0001968750506649504
-0.00018345123424760604
-0.0001849427694041072
-0.00018345123424733014
-0.00016604999074118696
-0.00019090891003435183
-0.00019687505066595025
-0.00019240044519333146
-0.0001774850936170858
-0.0002038355480683233
-0.0002068186183831062
-0.00019090891003552564
-0.00020085247775308154
-0.00020383554806792996
-0.00020284119129651597
-0.00020831015354044998
-0.00021825372125755237
-0.0002083101535406098
-0.00021079604547012207
-0.00023814085669283402
-0.00019389198035134003
-0.0002262085754317259
-0.00020731579676936795
-0.00022024243480196675
-0.0002316775376771281
-0.0002257113970462021
-0.00024360981893752198
-0.00023565496476407727
-0.00024311264055184396
-0.0002545477434266689
-0.00024062674862301923
-0.00024311264055208772
-0.0002600167056711691
-0.0002570336353560631
-0.00023515778637847083
-0.00025454774342652015
-0.00026299977598606754
-0.00025355338665494515
-0.00024360981893782333
-0.00026101106244294617
-0.00028040101949104983
-0.00027194898693135147
-0.00026349695437188447
-0.00026399413275771084
-0.00027294334370310313
-0.0002794066627193177
-0.00026697720307306255
-0.00027990384110533964
-0.00025355338665459826
-0.0002699602733879951
-0.0002634969543717091
-0.0002719489869314992
-0.00026747438145892995
-0.00026598284630107756
-0.000274932057246424
-0.00028238973303423457
-0.00027393770047459774
-0.0002893502304361473
-0.0002918361223652756
-0.0002853728033485183
-0.00027741794917592033
-0.00027344052208882965
-0.0002789094843332326
-0.00028984740882181
-0.00030476276039701346
-0.00026697720307286994
-0.0002893502304362677
-0.00029332765752173136
-0.0003057571171688058
-0.00029432201429453053
-0.0002893502304363237
-0.0002719489869309545
-0.00029332765752218174
-0.00028984740882200525
-0.0002923333007515231
-0.0002878586952785526
-0.00027741794917566983
-0.00029034458720804965
-0.0002744348788605901
-0.0002833840898064149
-0.0002858699817352988
-0.00026548566791575426
-0.0002943220142947844
-0.0002699602733878403
-0.0002908417655937674
-0.00031669504165813563
-0.00030724865232708486
-0.0002853728033496703
-0.00029432201429471734
-0.0002908417655941445
-0.0003102317226417421
-0.0003087401874845031
-0.0002978022629958164
-0.0002903445872080112
-0.00032962167968965243
-0.0003057571171691947
-0.0003052599387836638
-0.0003097345442560622
-0.0003191809335873511
-0.00030277404685428354
-0.00032315836067395466
-0.00031023172264186736
-0.0003137119713428502
-0.0003186837552012329
-0.00031172325779935047
-0.00034055960417827446
-0.0003142091497287385
-0.00030824300909877434
-0.00032713578776074736
-0.0003186837552015013
-0.00032614143098915415
-0.00032813014453227644
-0.0003316103932333602
-0.0003360849987059265
-0.00029929379815339636
-0.0003340962851624723
-0.00033260475000501454
-0.0003365821770915342
-0.0003296216796900107
-0.0003017796900828537
-0.000321169647130768
-0.0003176893984298447
-0.00031271761457146214
-0.00033409628516256336
-0.0003042655820121038
-0.0003077458307130349
-0.00031470632811483916
-0.0003271357877607998
-0.00030227686846874714
-0.0003102317226421919
-0.00031768939842973204
-0.00032216400390241653
-0.00032365553905989926
-0.0003291245013040353
-0.0002992937981535386
-0.00030724865232699075
-0.00033459346354827653
-0.0003331019283909042
-0.0003067514739410212
-0.0003062542955552902
-0.0003236555390599344
-0.00030277404685441505
-0.0003276329661465389
-0.0003241527174456989
-0.0003191809335870335
-0.0003211696471305493
-0.00031918093358676407
-0.00032216400390183496
-0.00031868375520136693
-0.00032514707421733114
-0.00032415271744559254
-0.00032017529035901566
-0.0003142091497288979
-0.00030973454425633877
-0.00031172325779969156
-0.000306751473941222
-0.0003181865768156896
-0.00029133894398001545
-0.00029780226299595044
-0.0003052599387837513
-0.00030128251169691243
-0.00028238973303467877
-0.0002799038411048219
-0.0002833840898059222
-0.0002863671601212782
-0.0003002881549250876
-0.00026996027338805636
-0.00027294334370335597
-0.00028437844657771785
-0.00026797155984485427
-0.0002709546301599844
-0.00025852517051352074
-0.0002754292356322852
-0.0002823897330344663
-0.00027095463015963786
-0.00027692077079006307
-0.0002699602733878032
-0.0002724461653169819
-0.0002848756249632331
-0.00027741794917562424
-0.0002838812681913994
-0.00028636716012092833
-0.00024858160279600283
-0.00026101106244228757
-0.0002649884895287008
-0.00027791512756152574
-0.00025106749472514296
-0.00025106749472531865
-0.0002391352134643026
-0.0002525590298824623
-0.00026349695437204553
-0.0002490787811817782
-0.00022421986188828698
-0.00022272832673102619
-0.0002351577863772864
-0.00023615214314931694
-0.00020880733192684518
-0.0002068186183833844
-0.00022471704027448103
-0.00021477347255739794
-0.00019886376420931665
-0.00021427629417118723
-0.00019985812098145155
-0.00019538351550855046
-0.00021626500771470628
-0.00020632143999742592
-0.00018444559101868946
-0.0001889201964909359
-0.0001824568774751971
-0.00018742866133452329
-0.0001884230181063534
-0.0001849427694040021
-0.00016157538526748847
-0.00016107820688248225
-0.00015163181755064114
-0.0001690330610555753
-0.000169033061056281
-0.00017350766652937959
-0.00016505563396889268
-0.00015560924463724286
-0.000162569742040222
-0.00014317978499041808
-0.0001486487472358683
-0.00013920235790417193
-0.00015958667172501215
-0.0001387051795184959
-0.00013771082274674905
-0.00013224186050211413
-0.00012876161180121906
-0.00014168824983341354
-0.00011832086569729249
-0.00011434343861003267
-0.0001143434386098843
-0.0001277672550284813
-0.00011881804408307694
-0.00011086318990924074
-0.00010688576282234688
-0.00011285190345233975
-0.00010241115734897988
-0.00010837729797956613
-0.00010489704927762288
-9.197041124535101e-05
-0.00010290833573495496
-8.500991384275188e-05
-0.00010091962219118415
-8.202684352692328e-05
-9.047887608796291e-05
-8.252402191320705e-05
-9.246758963166863e-05
-6.0648172934055774e-05
-8.998169770241627e-05
-8.550709222907923e-05
-7.258045419572338e-05
-6.363124324965988e-05
-8.849016254408641e-05
-7.009456226605919e-05
-7.357481096730558e-05
-6.860302710869515e-05
-4.125821588388392e-05
-6.711149195061839e-05
-5.9156637776560006e-05
-5.2196140374189845e-05
-2.7834399464295743e-05
-2.6840042692348263e-05
-2.0376723675670217e-05
-9.438799185701319e-06
-1.291904788698316e-05
-1.0433155957687804e-05
-4.467015326247131e-06
-1.3416226272537011e-05
-1.540493981644829e-05
-1.981123397110855e-06
6.968087549322154e-06
-7.450085641856427e-06
1.442576333795649e-05
-1.4839450114685278e-06
1.8403190425631623e-05
5.476552392410707e-06
6.470909164510723e-06
2.3374974286103977e-05
3.182700684637556e-05
5.221132066919835e-05
4.873107196899314e-05
3.3815720391027925e-05
3.928468263566359e-05
4.475364488070055e-05
4.9725428739597294e-05
4.0776217793626745e-05
6.464078031816576e-05
6.513795870314482e-05
6.215488838824376e-05
6.861820740416653e-05
6.762385063306358e-05
4.873107196776462e-05
6.265206677289083e-05
6.812102901928217e-05
7.209845610595967e-05
6.46407803174414e-05
5.917181807222327e-05
5.469721259845577e-05
6.41436019311392e-05
9.099123477195617e-05
6.96125641758777e-05
8.99968779993847e-05
9.39743050864956e-05
7.309281287847434e-05
8.154484543816452e-05
0.00010192915926130726
9.148841315732838e-05
0.00011087837020833933
0.00010590658634965852
0.0001272852569443484
0.00011734168922650446
0.00011585015406900805
0.00013623446789214102
0.0001541328897859152
0.0001302683272608282
0.00014916110592806518
0.0001486639275410795
0.0001471723923838958
0.00013673164627900412
0.00013076550564753968
0.00014021189498033052
0.00016407645750517847
0.00016656234943531695
0.00016407645750467158
0.0001650708142760623
0.0001491611059264533
0.0001576131384867685
0.0001879410200297251
0.00016308210073185162
0.0001635792791181099
0.00018296923616957866
0.00021578300964278366
0.00019838176613391745
0.00018147770101156974
0.0001894325551867427
0.0001978845877483146
0.00020086765806341246
0.00019788458774809328
0.00020285637160725057
0.00020633662030911183
0.00021130840416810884
0.0002008676580629551
0.00022423504220309295
0.0002262237557469544
0.00025108267504474587
0.0002292068260628357
0.00024809960472904066
0.000230201182834541
0.0002391503937820486
0.00024760242634304933
0.00024909396150089614
0.0002545629237471517
0.00026003188599252265
0.0002560544589044903
0.00026400931308031834
0.00027494723757141306
0.0002749472375718843
0.0002694782753256838
0.0002650036698522645
0.0002664952050102345
0.00027991902143155635
0.00025804317244856406
0.0002585403508346428
0.0002605290643785448
0.0002645064914665788
0.0002754444159578471
0.0002749472375718792
0.0002898625891511115
0.0002749472375716919
0.00028091337820364975
0.0002833992701339446
0.0002853879836772124
0.00028687951883511184
0.0002769359511155531
0.000286382340448947
0.00028141055658940055
0.0002709698104840191
0.0002585403508350735
0.0002620205995364124
0.0002640093130800875
0.0002938400162386706
0.00027494723757141203
0.00026301495630820737
0.0002764387727295351
0.00027842748627343096
0.0002799190214312079
0.00028886823237848344
0.00029732026494021067
0.00029334283785229404
0.00029135412430838814
0.0002903597675365041
0.00029831462171204273
0.00031571586522125716
0.0002913541243083647
0.00030080051364209115
0.000317704578765602
0.0003022920487998813
0.00029234848108035155
0.00031223561651966416
0.0003003033352561038
0.0002898625891503642
0.0003167102219935307
0.00029781744332596955
0.0003137271516773555
0.0003261566113267617
0.00031372715167744944
0.000313727151677346
0.00032317354101091966
0.0003301340384147297
0.00030129769202806724
0.00030179487041392483
0.00031422433006343935
0.0003211848274672559
0.0003147215084493013
0.00031372715167729857
0.00031223561651932665
0.00031919611392302325
0.0003216820058529381
0.0003077610110455852
0.00031621304360718544
0.0003127327949052773
0.0003082581894314822
0.000303286405571677
0.0002948343730100748
0.00030179487041378665
0.0003047779407297282
0.00031671022199312825
0.00031223561651931374
0.00031024690297550456
0.0003261566113268283
0.00031124125974750505
0.00030676665427353014
0.0003201904706950285
0.0003157158652213515
0.00031820175715110765
0.000322179184239138
0.0003097497245894447
0.0003082581894315525
0.0002829020917469394
0.000313727151677362
0.00028190773497492757
0.0002923484810804711
0.00032168200585309796
0.00030776101104575685
0.00030875536781753817
0.00030527511911572307
0.0002943371946243849
0.0003017948704139456
0.0003316255735727315
0.00031322997329148126
0.0002963259081682151
0.00031124125974764247
0.00030925254620377913
0.0003226763626250711
0.0003191961139231822
0.00031671022199311204
0.0002963259081682876
0.00033311710873064034
0.0003008005136419702
0.00030229204879976757
0.00029384001623834614
0.0003122356165192962
0.000287873875606717
0.0003062694758878857
0.00029682308655416546
0.0002973202649403544
0.00029781744332611293
0.00030229204879988466
0.0002794218430455309
0.0002903597675365528
0.0003003033352564639
0.00027096981048376563
0.0002689810969397777
0.0002863823404486785
0.00026748956178224696
0.0002625177779225512
0.00028538798367722996
0.00027096981048413843
0.00026052906437887155
0.0002620205995372072
0.0002759415943436397
0.00027594159434378695
0.00026450649146615295
0.00025655163729088986
0.0002575459940626768
0.00027096981048409913
0.00026649520501047886
0.00026699238339688013
0.00027246134564214223
0.00026102624276450455
0.00026351213469509913
0.0002530713885897675
0.0002655008482385243
0.0002555572805193751
0.0002645064914672615
0.0002555572805197708
0.00024113910732674626
0.0002585403508350111
0.0002471052479579193
0.00025207703181736235
0.0002555572805197106
0.0002540657453613073
0.000254065745361256
0.0002277152909051395
0.00023865321539654632
0.000254562923747967
0.00024064192894035735
0.00022423504220320443
0.00023716168023850124
0.00021528583125627807
0.00020484508515122802
0.0002287096476776592
0.00020832533385323136
0.0001939071606600976
0.00020782815546687176
0.00019689023097582453
0.0001879410200292302
0.00019440433904638636
0.00020335354999425327
0.0001929128038881784
0.00017252849006400842
0.00021429147448506834
0.0001765059171522619
0.00019241562550246995
0.00018396359294197678
0.00018446077132729024
0.00019092409034533923
0.00019390716066145986
0.00017451720360925623
0.0001735228468379721
0.00016507081427560608
0.00015860749525833522
0.00016407645750427736
0.00014766957076857207
0.00014766957076779418
0.0001551272465573989
0.0001556244249431486
0.00018396359294210358
0.0001441893220665721
0.00014916110592609548
0.00014220060852336008
0.00014418932206686024
0.0001556244249428306
0.00014568085722426415
0.0001561216033288183
0.0001551272465585167
0.00013275421918912462
0.00015363571139940255
0.00016407645750452803
0.00013822318143488346
0.0001347429327333161
0.00013225704080361745
0.00014319496529355136
0.00012181629469866132
0.00014220060852200447
0.00011734168922534294
0.00010342069441876378
0.0001213191163126242
0.00010739812150587797
0.00012977114887327337
0.00011286708375110229
9.297994831371757e-05
0.00012380500824239827
0.00012629090017217038
9.844891055921077e-05
0.00010292351603275103
0.0001093868350497833
9.745455378770977e-05
0.00010491222957652954
0.00010192915926021662
0.00010938683504946593
9.148841315605618e-05
0.00011236990536604801
8.50250941390909e-05
7.408716964841108e-05
7.657306157816138e-05
8.850534284103806e-05
7.358999126266855e-05
7.75674183498084e-05
6.911538578963138e-05
9.297994831439162e-05
5.7680282913253246e-05
7.010974256068003e-05
6.812102901720035e-05
6.116053161460602e-05
6.265206677267259e-05
8.303638059563881e-05
6.961256417570395e-05
5.071978551014416e-05
5.966899645648417e-05
6.0663353228904485e-05
7.209845610470343e-05
3.530725554593517e-05
4.326210972107502e-05
3.82903258617389e-05
3.829032586172203e-05
2.0889082355639285e-05
1.001946918916365e-06
-5.461372098247603e-06
1.1939871408902199e-05
1.8403190425313962e-05
8.459622707315638e-06
1.5420120110291384e-05
2.49348207601185e-06
1.0019469178418122e-06
-2.037672367564901e-05
-2.733722107807737e-05
-2.584568592043813e-05
-2.335979399044806e-05
-1.2919047886758992e-05
-1.7393653360434587e-05
-3.6286432023725474e-05
-4.026385911108711e-05
-4.175539426922372e-05
-3.33033617087791e-05
-4.0761037496285026e-05
-6.760867033390348e-05
-4.8218713284928163e-05
-5.26933187568098e-05
-6.661431356273281e-05
-6.760867033383322e-05
-4.871589167053858e-05
-6.213970808938407e-05
-5.667074584427975e-05
-6.512277840502852e-05
-5.915663777443447e-05
-5.915663777474159e-05
-5.9156637773993056e-05
-7.705505966639222e-05
-6.66143135633353e-05
-7.357481096648842e-05
-7.456916773837515e-05
-8.600427061228982e-05
-7.556352451011672e-05
-9.94280870324389e-05
-6.561995679205406e-05
-0.0001168293305387977
-9.097605447186097e-05
-8.302120029840733e-05
-9.594783833164405e-05
-8.600427061373036e-05
-9.097605447275005e-05
-9.694219510385478e-05
-0.00012627571987040422
-0.00010489704927707585
-0.00011036601152254122
-0.00010340551411960122
-0.00011086318990820725
-9.047887608585991e-05
-0.00012080675762523099
-0.0001143434386093945
-0.00012229829278331033
-0.0001461628553054848
-0.00013323621727219374
-0.0001292587901847391
-0.00014069389306072208
-0.00014467132014759154
-0.00013522493081612552
-0.00014367696337491494
-0.00013423057404304467
-0.0001501402823915254
-0.00016107820688169078
-0.00015014028239094667
-0.00015859231495308191
-0.00016008385010887367
-0.0001322418604996926
-0.00015014028239156054
-0.00016455845558212807
-0.00016505563396901435
-0.00015859231495263295
-0.00016406127719599162
-0.0001556092446366086
-0.00016704434751243897
-0.00018195969908876494
-0.00018345123424652067
-0.0001973722290511698
-0.00019588069389443088
-0.00019687505066595573
-0.0001804681639320354
-0.0002003552993669617
-0.00021278475901340878
-0.00019836658582347006
-0.00019289762357896397
-0.0001958806938942942
-0.0002247170402743714
-0.0002127847590134888
-0.00020831015354117496
-0.00020482990483958107
-0.00020333836968171795
-0.00022024243480206113
-0.00021775654287257488
-0.00021179040224240543
-0.00023167753767712256
-0.00022720293220428165
-0.00022968882413384114
-0.00024360981893795314
-0.0002510674947258575
-0.0002570336353562388
-0.00025554210019814263
-0.00024311264055208934
-0.0002605138840570378
-0.0002600167056709143
-0.0002684687382306429
-0.0002669772030732666
-0.0002649884895295351
-0.00025305620826925355
-0.0002674743814587178
-0.0002779151275616449
-0.0002794066627193242
-0.0002734405220883506
-0.00027393770047486006
-0.00025753081374154974
-0.0002669772030729526
-0.00024858160279602826
-0.00026449131114328605
-0.00026150824082841556
-0.0002818925546486393
-0.00027642359240419144
-0.00028487562496342934
-0.00027294334370337386
-0.0002779151275612212
-0.00027045745177315485
-0.0002978022629955567
-0.0002754292356324202
-0.0002724461653171271
-0.0002868643385065442
-0.00028437844657770386
-0.00026648002468623947
-0.00028338408980573156
-0.0002804010194910498
-0.0002794066627193671
-0.00029233330075125434
-0.0002615082408285718
-0.0002515646731110217
-0.0002963107278379187
-0.00028835587366438944
-0.0002649884895294902
-0.0002744348788606483
-0.0002923333007517382
-0.0002948191926809755
-0.00027990384110547793
-0.0002973050846099526
-0.000291836122365877
-0.00028736151689294753
-0.0002958135494525535
-0.00030227686846856554
-0.0003037684036259738
-0.00030028815492516954
-0.0003107289010279473
-0.0002923333007511606
-0.00032315836067362864
-0.0003007853333109325
-0.0003211696471306225
-0.0003122204361853672
-0.00031122607941345054
-0.00030476276039772415
-0.00030625429555509786
-0.00030774583071292656
-0.00029034458720816745
-0.0002992937981535243
-0.00031818657681564373
-0.000298299441381894
-0.00032912450130404507
-0.0003112260794138957
-0.00031918093358715297
-0.00031371197134309894
-0.00032116964713067457
-0.00032017529035898237
-0.00031868375520140765
-0.0003027740468542699
-0.00032415271744549713
-0.00032365553905984326
-0.0003410567825642668
-0.00034105678256395765
-0.0003246498958316281
-0.0003196781119730828
-0.0003206724687448553
-0.00035348624221015257
-0.0003326047500050364
-0.00034105678256405756
-0.0003331019283908553
-0.0003231583606741129
-0.0003137119713428802
-0.0003529890638242516
-0.0003142091497288335
-0.00030724865232715256
-0.00032315836067416104
-0.0003206724687449348
-0.00029581354945264036
-0.0003117232577997618
-0.00031818657681571984
-0.00032763296614672313
-0.00031719222004404597
-0.0003157006848865382
-0.000308740187484715
-0.0003142091497290106
-0.0003152035065006506
-0.0003181865768157505
-0.00033658217709180914
-0.00032216400390244613
-0.0003201752903591146
-0.00031420914972894346
-0.0003231583606741005
-0.000309734544256413
-0.00032116964713078586
-0.00031570068488635073
-0.00032514707421739565
-0.0003335991067766481
-0.0003161978632723727
-0.00031271761457134494
-0.00031868375520119644
-0.00032166682551664513
-0.0003142091497286981
-0.0003171922200438657
-0.00030973454425635183
-0.0003171922200437426
-0.0003331019283906236
-0.00033558782032007346
-0.000315700684886476
-0.0003152035065005901
-0.00031023172264185603
-0.00029829944138187286
-0.00030724865232693063
-0.00031072890102785646
-0.00031072890102801795
-0.00031122607941384497
-0.00031271761457141585
-0.0003067514739410834
-0.00033111321484737043
-0.0003266386093748702
-0.0003097345442561455
-0.00033111321484738317
-0.00030575711716945305
-0.0002978022629957441
-0.000330118858075883
-0.00030874018748466684
-0.0003072486523270868
-0.0002992937981535239
-0.00030675147394125063
-0.00032912450130396825
-0.00033260475000486883
-0.00033161039323331335
-0.00033509064193411466
-0.000320672468744884
-0.0003281301445322143
-0.00031967811197317883
-0.0003251470742173582
-0.00030874018748465573
-0.00031868375520143264
-0.0002868643385073675
-0.0002968079062242342
-0.00033558782032000445
-0.00030177969008267895
-0.00032315836067409143
-0.0002963107278385233
-0.0002963107278384873
-0.00031420914972879444
-0.00028636716012139953
-0.0002903445872082368
-0.00029730508461012765
-0.0003176893984292953
-0.0003022768684681744
-0.00028935023043660774
-0.0002933276575228397
-0.00029481919268082327
-0.0002938248359088701
-0.00028736151689282095
-0.0002828869114201928
-0.0002818925546484245
-0.00029730508460997304
-0.00029829944138172476
-0.0002883558736645948
-0.00028736151689295794
-0.0002590223488990211
-0.00027940666271938664
-0.0002724461653173405
-0.0002679715598447495
-0.00026399413275790415
-0.0002744348788607138
-0.00028089819787689637
-0.0002858699817353401
-0.0002634969543717218
-0.0002883558736645495
-0.00030476276039736
-0.0002729433437034543
-0.00026598284630145177
-0.00027194898693140714
-0.00028288691141997935
-0.00026896591661599873
-0.00027145180854549485
-0.00026996027338770556
-0.0002634969543720573
-0.00026697720307220093
-0.00025454774342660087
-0.000273937700473589
-0.00026548566791510835
-0.00026797155984420933
-0.00025703363535540315
-0.00025106749472471866
-0.00024957595956792933
-0.0002719489869314621
-0.00027592641401753365
-0.0002520618514970114
-0.0002570336353551272
-0.00024162110539384295
-0.00026051388405670586
-0.00025603927858347547
-0.00024510135409524587
-0.0002505703163391219
-0.00026648002468652814
-0.0002465928892524273
-0.0002401295702354494
-0.00022670575381788293
-0.00021477347255641362
-0.0002147734725572401
-0.00021626500771494347
-0.00021825372125850186
-0.000231677537676969
-0.0002361521431494722
-0.00022571139704661246
-0.00020930451031262245
-0.0002162650077148501
-0.00020134965613863558
-0.00020333836968254506
-0.00020880733192671925
-0.0002078129751553027
-0.00020433272645383862
-0.00019737222905184622
-0.00022024243480156853
-0.0001988637642096153
-0.00021079604546999132
-0.00022173396995954
-0.00019090891003548986
-0.000192400445193421
-0.00017798227200281624
-0.00018494276940458549
-0.00017897662877390652
-0.00019488633712205544
-0.0001759935584585197
-0.00020383554806725933
-0.00017549638007217664
-0.00016704434751296207
-0.00017698791522998311
-0.00016157538526827416
-0.00016107820688271684
-0.00016406127719753949
-0.00018245687747536106
-0.00014417414176206078
-0.00013870517951775934
-0.00017599355845872365
-0.00016654716912652148
-0.00018245687747440165
-0.00017301048814406363
-0.00018245687747498338
-0.0001754963800732265
-0.00017102177459984126
-0.00016157538526773182
-0.00015461488786609593
-0.00017301048814352327
-0.00015014028239235285
-0.0001600838501095137
-0.0001720161313714416
-0.00016903306105611607
-0.0001556092446374315
-0.00016953023944221636
-0.00016406127719728212
-0.00016654716912649443
-0.00016157538526765533
-0.0001600838501100239
-0.00013920235790360264
-0.00014715721207724455
-0.00015113463916447247
-0.0001382080011317699
-0.00015511206625186578
-0.00014914592562142786
-0.00014268260660485967
-0.0001486487472357693
-0.00017002741782904873
-0.00014666003369114816
-0.000143676963376386
-0.00012478418471365276
-0.0001401967146755329
-0.00014616285530630945
-0.00014417414176325698
-0.0001416882498330459
-0.0001486487472356509
-0.00013771082274684668
-0.00013373339565994724
-0.00011881804408351094
-0.00011434343861011532
-0.00012577854148479708
-0.00014715721207854068
-0.0001466600336917679
-0.00013920235790380265
-0.00013472775243127341
-0.00011931522246915256
-0.00012528136309964376
-0.0001237898279416034
-0.00013870517951899424
-0.0001287616118010883
-0.00013472775243087616
-0.00012528136309997723
-0.00012130393601230063
-0.00011732650892524312
-0.00010489704927838123
-0.00013124750373061194
-0.00012180111439892375
-0.0001034055141208087
-0.0001178236873108997
-0.0001098688331369591
-0.0001078801195936207
-0.00012229829278487313
-0.00010091962219123492
-0.00012378982794189944
-0.00012030957924107759
-0.00011633215215353274
-0.00010986883313779485
-9.893090864791733e-05
-0.0001153377953823195
-9.346194640302506e-05
-0.00011384626022453613
-0.00010091962219170988
-9.942808703339724e-05
-8.948451931588298e-05
-0.00011583497376796728
-9.395912478907363e-05
-9.843373026167678e-05
-8.103248675604828e-05
-9.09760544735629e-05
-8.351837868502348e-05
-8.600427061480446e-05
-7.755223805482144e-05
-9.644501671856477e-05
-0.00010390269250657878
-5.8162281004246513e-05
-8.152966514159947e-05
-8.053530836975542e-05
-8.898734092947234e-05
-8.351837868543076e-05
-6.711149195111217e-05
-7.75522380540638e-05
-8.650144900053294e-05
-8.053530836941448e-05
-8.749580577263465e-05
-8.003812998422471e-05
-9.49534815608725e-05
-9.545065994688334e-05
-9.197041124518996e-05
-8.500991384283514e-05
-9.047887608744696e-05
-8.550709222919927e-05
-9.395912478917579e-05
-7.456916773884095e-05
-9.445630317456692e-05
-8.252402191352325e-05
-9.246758963102678e-05
-7.158609742333962e-05
-8.898734092978723e-05
-5.269331875950488e-05
-7.158609742408716e-05
-0.00010986883313786999
-9.246758963107916e-05
-8.550709222875524e-05
-9.346194640305758e-05
-8.799298415785044e-05
-6.51227784072419e-05
-7.854659482611607e-05
-7.954095159804667e-05
-6.959738388014301e-05
-7.258045419567784e-05
-8.948451931559865e-05
-8.99816977020464e-05
-8.799298415858628e-05
-9.793655187628597e-05
-7.059174065163935e-05
-5.319049714559314e-05
-6.114535132030668e-05
-8.451273545672865e-05
-8.451273545751166e-05
-6.661431356521941e-05
-6.9597383880265e-05
-6.064817293409417e-05
-7.059174065218226e-05
-7.258045419533626e-05
-6.760867033678342e-05
-6.313406486393433e-05
-8.749580577282073e-05
-6.363124324976754e-05
-7.307763258159628e-05
-6.760867033675902e-05
-5.865945939085817e-05
-7.258045419578257e-05
-8.451273545693521e-05
-7.804941644066213e-05
-8.103248675563029e-05
-9.14732328597598e-05
-7.655788128270571e-05
-6.313406486373395e-05
-7.606070289711615e-05
-8.103248675618753e-05
-8.103248675622656e-05
-6.611713517906219e-05
-6.860302710857154e-05
-7.904377321220595e-05
-5.716792423317435e-05
-5.269331875991997e-05
-6.760867033702837e-05
-8.799298415856872e-05
-7.854659482684635e-05
-6.910020549418453e-05
-6.561995679344171e-05
-6.263688647769384e-05
-6.810584872257665e-05
-7.108891903824384e-05
-5.070460521647415e-05
-6.661431356483329e-05
-7.755223805481136e-05
-8.69986273869026e-05
-7.009456226670555e-05
-5.1201783602513944e-05
-7.307763258184612e-05
-7.954095159832675e-05
-7.954095159845395e-05
-6.313406486375152e-05
-7.108891903826793e-05
-6.910020549439437e-05
-7.606070289715518e-05
-5.865945939084841e-05
-3.1314648166074915e-05
-7.258045419588536e-05
-7.108891903858279e-05
-6.561995679353148e-05
-6.910020549460515e-05
-6.860302710874329e-05
-9.24675896313986e-05
-7.804941644049755e-05
-8.053530836994281e-05
-6.760867033717084e-05
-8.998169770224158e-05
-7.55635245109202e-05
-7.009456226667075e-05
-8.948451931584003e-05
-8.202684352814838e-05
-7.705505966901487e-05
-6.5122778407223e-05
-8.152966514163395e-05
-7.357481096735437e-05
-6.959738388073635e-05
-6.164252970621962e-05
-7.059174065217315e-05
-7.108891903830044e-05
-6.462560002172677e-05
-8.799298415863509e-05
-6.01509945487622e-05
-7.357481096802937e-05
-6.512277840769468e-05
-7.85465948267195e-05
-6.462560002145158e-05
-6.561995679283308e-05
-7.705505966897583e-05
-6.860302710800648e-05
-6.263688647790168e-05
-7.506634612497994e-05
-7.0094562266175e-05
-5.667074584689679e-05
-5.617356746146203e-05
-6.61171351791598e-05
-6.760867033641681e-05
-6.810584872296472e-05
-8.053530836994766e-05
-7.307763258162818e-05
-7.655788128315366e-05
-7.804941644091587e-05
-7.854659482617625e-05
-7.506634612515041e-05
-6.611713517903781e-05
-7.15860974240286e-05
-6.363124324958245e-05
-6.462560002164741e-05
-6.114535132018373e-05
-9.147323285947874e-05
-6.611713517916402e-05
-8.152966514187535e-05
-6.860302710794242e-05
-7.755223805463406e-05
-7.755223805463405e-05
-6.91002054939399e-05
-7.40719893533636e-05
-9.047887608788092e-05
-6.46256000213696e-05
-5.169896198787419e-05
-9.743937349053669e-05
-0.00011136036829523858
-8.799298415774471e-05
-9.395912478879648e-05
-7.954095159845557e-05
-7.804941644090026e-05
-7.80494164404458e-05
-7.456916773967241e-05
-7.954095159778706e-05
-6.661431356454443e-05
-7.556352451099111e-05
-9.047887608785424e-05
-6.611713517913181e-05
-7.307763258163661e-05
-7.854659482601686e-05
-8.600427061474264e-05
-9.843373026224317e-05
-8.003812998437891e-05
-7.407198935312319e-05
-7.506634612505574e-05
-8.302120029926866e-05
-0.00010539422766425511
-6.263688647776863e-05
-8.202684352750719e-05
-8.74958057725917e-05
-8.103248675598681e-05
-5.7665102618449075e-05
-8.103248675584987e-05
-9.346194640323098e-05
-9.644501671839172e-05
-9.147323285960204e-05
-8.948451931565821e-05
-8.003812998417235e-05
-8.55070922289426e-05
-7.755223805484452e-05
-9.694219510465142e-05
-7.804941644006975e-05
-7.804941644043668e-05
-7.108891903777834e-05
-8.998169770153013e-05
-8.103248675528188e-05
-9.047887608747493e-05
-8.849016254371848e-05
-8.401555707135086e-05
-6.860302710803349e-05
-9.346194640272347e-05
-8.50099138430739e-05
-7.2083275809882e-05
-0.00010937165475101234
-8.35183786852304e-05
-6.860302710811223e-05
-9.445630317521396e-05
-9.34619464030566e-05
-9.743937349026211e-05
-8.550709222832451e-05
-9.495348156048017e-05
-0.0001133490818378343
-6.810584872213195e-05
-0.00010091962219169037
-8.500991384262015e-05
-0.00011484061699597321
-0.0001083772979795128
-8.252402191326367e-05
-9.047887608770722e-05
-8.500991384265523e-05
-9.445630317473997e-05
-9.296476801731707e-05
-0.00010788011959347556
-0.000114343438610763
-8.252402191295071e-05
-9.047887608711644e-05
-9.246758963129355e-05
-9.893090864816096e-05
-0.00010141680057658311
-9.495348156102672e-05
-9.942808703407e-05
-0.00010539422766455993
-0.00011384626022378331
-0.00011086318990898535
-0.0001198124008551702
-0.00011881804408322916
-0.00010241115734916594
-0.00010688576282168844
-0.00010439987089328876
-0.00010738294120779788
-0.00010887447636563163
-9.99252654196524e-05
-9.644501671766428e-05
-0.00011285190345255087
-9.893090864726507e-05
-9.594783833205001e-05
-0.00011036601152295958
-9.644501671810738e-05
-0.00011682933053991905
-0.00011633215215418343
-0.00010788011959332924
-0.00011533779538221346
-0.00013174468211567283
-0.0001292587901866987
-0.0001272700766434162
-0.0001267728982569596
-0.00011583497376782217
-0.00010439987089258281
-0.00010489704927854619
-0.00011732650892524901
-0.00012577854148553786
-0.00012279547116987352
-0.00011981240085477755
-0.0001372136443600852
-0.00010638858443588972
-0.00013423057404494078
-0.00011832086569739791
-0.00011881804408364105
-0.0001272700766431719
-0.00014417414176307354
-0.00014168824983371868
-0.00011682933053933022
-0.00011334908183796317
-0.00011981240085517772
-0.0001387051795181367
-0.0001262757198711843
-0.00011235472506634945
-0.00012378982794184122
-0.00015014028239328074
-0.00011484061699603829
-0.00011583497376771814
-0.00011484061699583663
-0.00013870517951868711
-0.00014566567692000967
-0.00012727007664209577
-0.0001416882498339113
-0.00013572210920269201
-0.00012975596857237707
-0.0001357221092028234
-0.00013920235790394815
-0.00013771082274604047
-0.0001302531469580707
-0.00012925879018656496
-0.00014317978499065977
-0.00014218542821869498
-0.0001372136443605996
-0.00013820800113246352
-0.00014666003369212188
-0.0001302531469581097
-0.0001332362172729383
-0.00014566567692068217
-0.00015014028239283955
-0.0001446713201489103
-0.00014864874723580806
-0.00016306692042547443
-0.00013323621727205143
-0.00014864874723602377
-0.00015163181755020158
-0.00014268260660507085
-0.00014119107144749702
-0.00014715721207847983
-0.00017052459621411247
-0.00013820800113185098
-0.0001441741417621648
-0.00014914592562087514
-0.0001566036014099448
-0.00016455845558333886
-0.00014467132014796947
-0.0001531233527087378
-0.00015908949333843714
-0.00015461488786574652
-0.00015262617432289057
-0.00013522493081711737
-0.0001287616118003137
-0.0001471572120778002
-0.00016356409881137992
-0.00014069389306114622
-0.00017301048814377345
-0.00016853588267087588
-0.0001466600336909614
-0.00016256974203988754
-0.0001541177094800028
-0.00016455845558369022
-0.00016058102849618642
-0.00016058102849645967
-0.000141191071447579
-0.00016306692042536032
-0.00015759795818131358
-0.0001660499907398478
-0.00013771082274576264
-0.00015461488786581293
-0.00016256974203937967
-0.00014616285530554782
-0.000153123352708529
-0.00017599355845882386
-0.00015710077979504835
-0.0001670443475133466
-0.00014914592562126848
-0.0001496431040068303
-0.00015908949333880937
-0.00014616285530516984
-0.0001660499907411255
-0.0001640612771977337
-0.00015063746077836836
-0.00015113463916415238
-0.0001580951365659688
-0.0001506374607782791
-0.00015908949333834542
-0.00015511206625207588
-0.00017301048814342471
-0.00015859231495346447
-0.0001675415258982673
-0.00015560924463706234
-0.00017251330975757
-0.00015859231495330114
-0.00017400484491489462
-0.00016157538526658506
-0.00019090891003422264
-0.00016356409881090658
-0.0001580951365668911
-0.000161575385267604
-0.00015411770948013385
-0.00017251330975732765
-0.00016008385011027963
-0.000166547169126554
-0.00017102177460063707
-0.00017102177459879235
-0.00016306692042579633
-0.00016008385011065442
-0.00016306692042547454
-0.00017350766652892932
-0.0001660499907407117
-0.00017599355845823242
-0.000156603601409546
-0.00017748509361527624
-0.0001670443475123036
-0.0001566036014095265
-0.00016903306105634346
-0.0001784794503880131
-0.00015908949333913472
-0.00015014028239312524
-0.0001620725636535371
-0.00016903306105562995
-0.00016207256365405112
-0.00017450202330091685
-0.00018593712617564023
-0.00015014028239255457
-0.00019240044519268828
-0.00015809513656684073
-0.00017400484491527236
-0.00016803870428401337
-0.0001759935584587708
-0.00017549638007272292
-0.00017151895298542889
-0.00016803870428456572
-0.00016306692042590166
-0.00017997098554589763
-0.00015362053109379487
-0.0001754963800731992
-0.0001705245962137839
-0.00015560924463738535
-0.00017649073684394527
-0.00017599355845896773
-0.00016903306105600676
-0.00018096534231746807
-0.00017947380715959302
-0.00018593712617588588
-0.0001904117316491097
-0.00018096534231718705
-0.00017201613137124257
-0.00016406127719790977
-0.00017201613137116515
-0.00016654716912699582
-0.00019140608842100132
-0.00016306692042633534
-0.00017549638007318918
-0.00020085247775209576
-0.00018394841263281393
-0.0001799709855455541
-0.0001610782068823258
-0.0001978694074378848
-0.00017151895298639288
-0.00018543994779039198
-0.0001914060884214279
-0.0002028411912958063
-0.00018046816393238514
-0.00019936094259435854
-0.00017897662877497852
-0.00020482990483971348
-0.00019090891003497776
-0.00020731579676927915
-0.00018941737487783048
-0.00017798227200260832
-0.00020085247775300088
-0.00019588069389438366
-0.00019588069389448227
-0.00018195969908977517
-0.00018444559101909414
-0.00020333836968262185
-0.0001884230181063778
-0.0002063214399973879
-0.0002018468345246976
-0.00020632143999705927
-0.0002033383696819301
-0.00018693148294772572
-0.00020035529936748617
-0.00020731579676868308
-0.00018693148294869565
-0.00018792583972024364
-0.00022471704027449732
-0.00020433272645439273
-0.00020980168869882756
-0.0002078129751549871
-0.0002093045103127864
-0.0002227283267308036
-0.00020184683452427197
-0.00021527065094206172
-0.0002117904022424598
-0.00020482990483976812
-0.00019090891003556472
-0.0002033383696823856
-0.00019289762357891128
-0.0002122875806279097
-0.00020582426161177363
-0.0002053270832252272
-0.00020582426161124814
-0.00020085247775260525
-0.0002147734725574656
-0.00020781297515522071
-0.0001998581209814083
-0.00022919164574699172
-0.00021825372125836416
-0.00022571139704616146
-0.00022521421866027557
-0.00023167753767603912
-0.00022620857543190686
-0.00022024243480151648
-0.0002376436783067939
-0.00023416342960532553
-0.0002247170402743392
-0.000224219861888559
-0.00023615214314952262
-0.00023167753767694066
-0.00024559853248091475
-0.0002301860025192155
-0.00025653645696958427
-0.00022173396995896016
-0.00022620857543246487
-0.00025554210019781265
-0.00025703363535565306
-0.00022571139704593668
-0.00027194898693125904
-0.00023764367830706717
-0.0002505703163391275
-0.00024112392700819545
-0.00023863803507856993
-0.00023714649992113835
-0.0002545477434264004
-0.0002446041757086844
-0.0002634969543715392
-0.0002639941327572351
-0.0002679715598436009
-0.00024808442440963827
-0.000262005419213996
-0.0002679715598442451
-0.00024311264055164552
-0.00024709006763839585
-0.0002605138840565744
-0.0002525590298829081
-0.0002625025975998556
-0.0002659828463007635
-0.0002799038411043129
-0.00025603927858388383
-0.00024858160279529474
-0.0002625025975999193
-0.0002804010194907742
-0.00025405056504001437
-0.0002804010194907898
-0.00025703363535525283
-0.0002590223488990627
-0.0002823897330342287
-0.0002545477434260884
-0.00027194898693137326
-0.00023714649992129938
-0.000272446165317172
-0.0002714518085458485
-0.0002446041757091874
-0.00026299977598589894
-0.00024659288925291145
-0.00027542923563180454
-0.00024858160279626093
-0.0002664800246870068
-0.00026498848952959727
-0.0002540505650408689
-0.00026946309500151534
-0.0002654856679154669
-0.0002789094843332186
-0.0002823897330339525
-0.0002828869114203379
-0.0002669772030727795
-0.00027791512756181083
-0.0002893502304359182
-0.000287361516892449
-0.00028089819787662597
-0.00027940666271937623
-0.00028487562496374625
-0.0002620054192144636
-0.00028288691142019993
-0.0002674743814583585
-0.0002739377004751819
-0.0002908417655939053
-0.0002724461653173757
-0.00028437844657793783
-0.0002838812681915472
-0.0002813953762628285
-0.0002913389439799725
-0.0002992937981532089
-0.0002818925546489022
-0.0002973050846100678
-0.00028686433850714946
-0.00028189255464892564
-0.0002883558736646257
-0.00029332765752341697
-0.0003007853333111004
-0.0002664800246874591
-0.00028437844657795897
-0.0003037684036261957
-0.0003037684036261567
-0.00029382483590932704
-0.0002958135494525616
-0.00030028815492521286
-0.0003027740468545465
-0.00030277404685452087
-0.0003087401874846268
-0.0003107289010279379
-0.0003077458307129786
-0.00032962167968978324
-0.000324152717445833
-0.0003281301445323855
-0.00030227686846850374
-0.000335587820319984
-0.0003271357877607929
-0.00031122607941372387
-0.00033260475000479694
-0.00032663860937473483
-0.0003127176145711649
-0.0003196781119731141
-0.0003102317226421437
-0.00030625429555518867
-0.0002992937981533157
-0.0003181865768156714
-0.0003117232577994491
-0.0003082430090988121
-0.00030874018748449955
-0.0002913389439799657
-0.0003142091497289507
-0.00029382483590911226
-0.0003161978632722988
-0.00031669504165795565
-0.0003057571171695611
-0.0003097345442563023
-0.0002973050846102806
-0.00028885305205078696
-0.000339068069020893
-0.0003102317226417311
-0.00030874018748452953
-0.00030028815492525585
-0.0003276329661467056
-0.0002838812681922188
-0.00031371197134314377
-0.00031321479295716345
-0.00031470632811477184
-0.0003052599387837969
-0.0003042655820120696
-0.0003375765338635085
-0.0003122204361856227
-0.00030476276039793503
-0.00031768939842990394
-0.0003132147929573151
-0.00031818657681550707
-0.00030376840362626863
-0.0003092373658705036
-0.0002948191926810211
-0.0003271357877608545
-0.0003072486523271818
-0.0003216668255165973
-0.000322661182288308
-0.00029034458720842126
-0.00030575711716965417
-0.00032017529035901403
-0.0003236555390599063
-0.0003112260794137877
-0.0003112260794137372
-0.00030476276039775765
-0.0003380737122490882
-0.0003241527174454181
-0.00031619786327225554
-0.00030774583071294895
-0.0003216668255165026
-0.00030028815492487085
-0.0003316103932331097
-0.0003112260794136627
-0.0003335991067766101
-0.0003161978632720889
-0.00032763296614644064
-0.00032912450130424646
-0.0003087401874846538
-0.00030128251169688223
-0.0003102317226422095
-0.0003271357877608333
-0.0003062542955551769
-0.0003171922200439867
-0.0003087401874844885
-0.000315700684886422
-0.000314706328114737
-0.0003142091497287248
-0.00029581354945238265
-0.00031868375520148994
-0.0002948191926807901
-0.0003112260794135638
-0.00030028815492495867
-0.0003097345442560231
-0.00028885305205074527
-0.0003012825116967572
-0.00029780226299594594
-0.00030426558201196414
-0.0003082430090986052
-0.00031470632811463674
-0.00030028815492494826
-0.00031669504165795663
-0.0003166950416579267
-0.0003137119713427982
-0.0002918361223659336
-0.0002843784465780201
-0.00027244616531745246
-0.000291338943979829
-0.0002784123059477271
-0.0002759264140185222
-0.00029133894397937924
-0.0002759264140185118
-0.00030227686846796874
-0.00028984740882199354
-0.00027692077078978616
-0.0002729433437029915
-0.0002818925546485094
-0.00027443487886100794
-0.0002918361223655679
-0.0002873615168926048
-0.00027294334370283273
-0.00028338408980613044
-0.00026996027338729525
-0.0002794066627190756
-0.00027791512756133183
-0.0002868643385066164
-0.0002992937981528624
-0.0002843784465775076
-0.00029034458720757325
-0.0002878586952780385
-0.00025802799212702986
-0.00026548566791551314
-0.0002734405220882527
-0.0002858699817350932
-0.0002620054192140975
-0.00027841230594711884
-0.00029581354945215806
-0.00026996027338794826
-0.00027592641401838686
-0.00025852517051323863
-0.00027692077078967487
-0.000259519527285289
-0.00026250259759976347
-0.0002664800246865903
-0.0002799038411048365
-0.00029382483590878683
-0.0002605138840565656
-0.00026498848952952143
-0.0002545477434261427
-0.0002774179491756903
-0.0002689659166160183
-0.00027493205724653166
-0.0002659828463010691
-0.00026349695437187965
-0.0002500731379530668
-0.0002674743814585606
-0.0002719489869317078
-0.0002769207707898486
-0.0002431126405513013
-0.0002689659166164361
-0.0002535533866551957
-0.0002704574517742472
-0.00025703363535613434
-0.0002376436783076168
-0.0002674743814591063
-0.00026349695437219065
-0.000260513884057082
-0.0002530562082692503
-0.00025057031634012975
-0.00024112392700853
-0.00025305620826936024
-0.00023863803507937856
-0.00024261546216613116
-0.00025802799212784307
-0.0002525590298833054
-0.00022869446736170713
-0.00023615214315006927
-0.0002296888241332997
-0.00021974525641634243
-0.00022521421866081957
-0.00022819728897620868
-0.00021328193739936753
-0.00022173396995896463
-0.00021875089964424425
-0.00022272832673182955
-0.00021377911578601846
-0.00020184683452408752
-0.00020433272645418643
-0.00017897662877459884
-0.00021029886708457874
-0.00021377911578505604
-0.00019637787228030308
-0.00019737222905156807
-0.00019588069389364963
-0.00021377911578512627
-0.0001834512342473428
-0.00019936094259515635
-0.00020383554806780078
-0.00019488633712220964
-0.00018543994778995833
-0.0001700274178279816
-0.00017549638007318424
-0.00018146252070345818
-0.0001968750506659388
-0.00019240044519283435
-0.00016157538526770553
-0.0001556092446363158
-0.00017301048814237683
-0.00015560924463579659
-0.00016953023944173067
-0.00015212899593537686
-0.00016604999073983334
-0.00013771082274460593
-0.00015759795818071637
-0.0001461628553059058
-0.00016207256365280903
-0.0001536205310926738
-0.00015163181754841346
-0.0001312475037278586
-0.00012975596856986513
-0.00011981240085133082
-0.00013273903888575677
-0.00015312335270678594
-0.00011931522246761196
-0.00013572210920094515
-0.00013423057404396757
-0.00013472775243023404
-0.00014616285530528146
-0.00012627571987077193
-0.0001237898279406835
-0.00010290833573366816
-0.00012080675762482633
-0.00010191397896015071
-9.19704112443052e-05
-9.843373026073445e-05
-9.992526541853172e-05
-9.644501671728117e-05
-0.0001043998708919283
-0.00011036601152287306
-8.30212002981939e-05
-9.097605447151843e-05
-0.00010439987089208868
-0.00011334908183644431
-9.743937348920331e-05
-9.197041124466789e-05
-8.451273545571902e-05
-8.252402191264889e-05
-8.749580577111882e-05
-8.849016254320974e-05
-9.097605447266992e-05
-6.661431356290823e-05
-8.053530836846171e-05
-9.545065994491584e-05
-9.594783833045919e-05
-6.36312432482618e-05
-6.711149194947922e-05
-7.00945622650111e-05
-7.009456226491087e-05
-5.915663777411178e-05
-6.910020549280687e-05
-5.617356745893578e-05
-4.672717812751047e-05
-4.672717812706774e-05
-5.517921068653512e-05
-6.561995679180773e-05
-4.4241286197480034e-05
-5.965381616034967e-05
-5.3190497143035686e-05
-3.777796717980136e-05
-5.7167924230690715e-05
-5.5676389073259376e-05
-4.3246929425295047e-05
-6.213970809012317e-05
-3.728078879575753e-05
-2.087390206057378e-05
-2.5348507533756265e-05
-6.412842163391347e-05
-1.789083174531023e-05
-1.838801013155299e-05
-9.438799185309632e-06
5.047685331375321e-07
7.59014735857271e-09
-5.461372098425484e-06
2.493482076143603e-06
-7.947264028101037e-06
-2.0376723676273853e-05
-5.461372098787499e-06
7.465265935106968e-06
-9.867666257204635e-07
1.5420120109869223e-05
1.3431406567111331e-05
1.996303690716201e-06
1.5420120110230912e-05
2.8843936529753703e-05
1.5420120110193792e-05
2.088908235574012e-05
3.1827006845179844e-05
4.226775294889889e-05
2.486650944261677e-05
4.4753644878432965e-05
5.022260712364102e-05
4.3262109721118584e-05
3.829032586156102e-05
4.326210972086427e-05
7.110409933243109e-05
5.966899645659798e-05
4.674235842290061e-05
4.4753644878396875e-05
5.9668996455979814e-05
5.221132066727648e-05
7.905895350764928e-05
8.20420238232524e-05
7.110409933258719e-05
8.055048866629305e-05
6.961256417467572e-05
8.204202382306376e-05
7.010974256070703e-05
7.110409933282196e-05
7.905895350717908e-05
6.762385063138693e-05
7.856177512199714e-05
7.010974256129692e-05
7.209845610533818e-05
6.016617484247191e-05
6.513795870174913e-05
8.751098606806403e-05
9.148841315618365e-05
9.695737540202285e-05
6.563513708828089e-05
8.6516629297586e-05
8.601945091093593e-05
9.447148347140203e-05
0.00010789529989155608
0.00010043762410314145
0.00011982758115436513
0.00010292351603276015
0.0001059065863477171
0.00011833604599643617
0.00011286708375103493
0.00010739812150606494
0.00010043762410270451
0.00011485579729478031
0.0001228106514699312
9.049405638455488e-05
0.00012131911631265805
