5.581339854798692
5.581386589057
5.581384600365162
5.581297097924074
5.581360736063014
5.581347312393116
5.5813706795222435
5.581410453359124
5.581364713446742
5.581355267160411
5.581424871374927
5.581452215887737
5.58140697314833
5.581432328969328
5.581424871374961
5.58143730069895
5.58138658905694
5.581360736062972
5.581241911725396
5.58137067952216
5.581389572094739
5.581314996150578
5.5813105215938945
5.581373165386995
5.581423877029039
5.580982884612475
5.581349301084917
5.5813721710411
5.581335380242035
5.581362227581863
5.581378634289565
5.581370182349208
5.581490498205734
5.581441278082622
5.581330905685376
5.58131101876689
5.581377142770667
5.581235945649637
5.5814288487586365
5.5810967372205065
5.581340351971598
5.581340351971561
5.581349798257828
5.5814015042457585
5.581353278468633
5.581304058345498
5.581424374201991
5.581323448090889
5.581454204579599
5.5813875834028694
5.581299583788854
5.581421888337182
5.581334385896013
5.58123296261208
5.581374159732927
5.581339357625662
5.581323448090949
5.58130356117249
5.581308532902142
5.581325933955721
5.58137018234925
5.581182748143026
5.5813085329020184
5.581282182735191
5.581157392321956
5.58117230751083
5.58140697314838
5.581321459399103
5.581306544210288
5.581459673482218
5.581159381013865
5.581215561558473
5.581252352357588
5.581208601137029
5.581316984842516
5.581199652023625
5.581273730794902
5.581138996922479
5.581261301470835
5.581218544596233
5.581198160504756
5.58126925623824
5.581104691988102
5.581170815991851
5.581200646369607
5.581321459399137
5.581205120926243
5.581252352357588
5.5812260021906495
5.581217550250226
5.581342837836406
5.581088285280379
5.581262295816796
5.581284668600023
5.581214567212535
5.581318973534352
5.581258815606084
5.581281188389329
5.581253843876478
5.5813144989777035
5.581342837836469
5.581312510285856
5.581242906071318
5.581375154078917
5.581310024421065
5.581412939223928
5.581368690830428
5.58134780956608
5.581374656905953
5.581415425088726
5.581419402472413
5.581455198925568
5.581389572094776
5.581401007072871
5.581585458241169
5.581405481629507
5.5814656395577416
5.581351786949767
5.58138410319221
5.581378634289631
5.581446249812273
5.58137465690596
5.581420893991294
5.5813468152201535
5.58139454382438
5.581332397204279
5.581431334623466
5.581368690830428
5.581369188003392
5.581379628635564
5.581374159732998
5.581547673096206
5.581384103192204
5.581385594711087
5.58148701799504
5.581455696098518
5.581507402086417
5.581598384738137
5.581591921489667
5.581469616941423
5.581437797871952
5.581413436396889
5.581382611673329
5.581399515553977
5.581430837450507
5.581436306353069
5.581387583402932
5.581385097538132
5.581550158960998
5.5812956064052015
5.581441775255624
5.581319967880279
5.5813975268621485
5.581455198925535
5.581480057573596
5.581443763947482
5.581415922261687
5.581522814448185
5.5813746569059575
5.581391560786622
5.581362724754896
5.581404487283579
5.581358250198252
5.581399515553987
5.581512870988983
5.581417910953533
5.581444758293402
5.581402001418795
5.581341346317585
5.581392555132525
5.581588938451895
5.5814308374505055
5.581412939223914
5.581451221541886
5.581579492165663
5.581411447705045
5.581434814834192
5.581362227581937
5.58145221588781
5.581406973148394
5.58143431766123
5.581488509513922
5.581350295430885
5.581470114114384
5.581465639557732
5.581376645597763
5.581522317275227
5.58141144770504
5.581404984456559
5.581432328969392
5.581591921489665
5.581422385510177
5.581514859680787
5.581416916607599
5.581444758293401
5.581468622595505
5.581316984842449
5.581420893991292
5.581497955800162
5.5814641480388625
5.581402498591754
5.581366204965625
5.58140100707287
5.581416916607609
5.581400012726952
5.581470114114385
5.581376148424831
5.581586949760061
5.58146017065518
5.581477571708791
5.581451718714849
5.581409956186161
5.581496961454249
5.581435312007131
5.581426860066823
5.581322950918022
5.581472102806225
5.58139156078662
5.581379131462605
5.581468125422543
5.5815223172752235
5.581518339891548
5.581508893605296
5.581494972762403
5.581522814448175
5.581506904913458
5.581301075307768
5.581383108846289
5.581558113728373
5.581468125422542
5.581577006300857
5.5814939784164865
5.581535740945145
5.581529774869634
5.581485526476134
5.5817888019817685
5.581565571322776
5.581551153306914
5.581560599593168
5.58152082575635
5.581486023649062
5.581546678750283
5.581532757907385
5.581579989338622
5.581533752253307
5.581549164615079
5.5815312663885095
5.581410950532082
5.581503424702724
5.581382611673329
5.58144923285004
5.581614294272858
5.581475583016943
5.581545684404362
5.581395040997333
5.581451221541889
5.581486520822075
5.5813726682141125
5.581423877029053
5.581377639943713
5.581341346317582
5.581350792603843
5.581370679522274
5.5814696169414075
5.581484532130228
5.581484034957278
5.581531763561472
5.581469119768467
5.581450227195957
5.581520328583377
5.581510882297143
5.581571537398298
5.581574520436058
5.581441775255583
5.58148701799503
5.5813880805758584
5.581460667828133
5.581451221541887
5.581511876643063
5.581530769215537
5.581403492937672
5.581461662174054
5.581479063227669
5.581493978416483
5.581461165001097
5.58145321023373
5.581539221155857
5.581473594325111
5.581438792217864
5.581495469935368
5.581413436396844
5.581520825756345
5.58149348124352
5.5814671310766215
5.5815143625078605
5.58154170702067
5.581478566054716
5.581383606019247
5.581514859680822
5.581490498205755
5.58150342470273
5.58143630635307
5.581520328583388
5.581500441664971
5.581525797485944
5.581517345545627
5.58153076921555
5.581490995378726
5.5814542045796385
5.581457684790361
5.581472102806221
5.581529277696673
5.581586452587101
5.581559605247236
5.581580486511565
5.581582972376381
5.581465142384782
5.581500938837927
5.5815551306906075
5.581518339891545
5.5815352437721915
5.581494475589445
5.581525300312985
5.5814313346234625
5.581481051919513
5.581469616941418
5.58148552647616
5.5815049162216175
5.581534249426269
5.581512373816021
5.581409459013153
5.581470114114381
5.581574023263099
5.581447244158198
5.581418408126493
5.581544690058439
5.581558113728369
5.581448238504071
5.581504916221611
5.581516351199696
5.58156209111205
5.581577503473814
5.58150243035681
5.581507402086416
5.5815819780304485
5.581530272042595
5.581552147652836
5.581481051919517
5.581517842718584
5.581442769601517
5.581560599593172
5.581544192885477
5.5815218201022665
5.581519334237467
5.581537729636998
5.581377639943707
5.581539221155876
5.581565074149814
5.581540215501799
5.581547673096189
5.581635672710156
5.58152182010227
5.581541707020681
5.581584961068224
5.581599876257027
5.581568057187572
5.581369188003286
5.581405978802413
5.581325436782744
5.581355764333362
5.581433323315269
5.581374159732959
5.581215064385442
5.581482046265421
5.581428351585649
5.5814298431045515
5.581337368933767
5.581412939223856
5.581465639557667
5.5813159904964875
5.581411944877922
5.581445752639238
5.581368193657423
5.581412442050929
5.581436803525972
5.581419402472314
5.5812364428227825
5.581392555132516
5.581347312392997
5.581353775641489
5.581361730408974
5.581320962226105
5.581357255852289
5.581324939609819
5.581327425474613
5.581415922261617
5.5813696851762495
5.581417910953461
5.58145619327147
5.581452215887776
5.581502430356735
5.581368193657338
5.581376148424745
5.5814129392238145
5.581244894763114
5.581457187617395
5.581334385896064
5.58139901838094
5.581403492937599
5.5814760801898124
5.581379628635458
5.5810698898807445
5.581349301084816
5.5814194024723776
5.581358250198162
5.581357753025192
5.581381617327339
5.581392555132445
5.581458679136215
5.581441278082551
5.581368193657398
5.581458679136202
5.581279696870091
5.581460667828079
5.581427357239778
5.581485526476114
5.581396035343258
5.581426362893821
5.581312510285774
5.581413436396801
5.5814208939911945
5.581355764333374
5.581432826142287
5.581343335009346
5.581392555132532
5.581326928301652
5.581373165386982
5.581339357625637
5.581322453745038
5.581375154078855
5.5814636508658575
5.581357255852268
5.581453210233654
5.581455198925529
5.581266273200295
5.581412939223848
5.58140597880243
5.581410453359086
5.581459673482208
5.581640147266801
5.581334883069065
5.581321459399145
5.581353775641586
5.581246386282054
5.581330408512457
5.58140150424583
5.581417910953533
5.581431334623446
5.581444261120413
5.5814566904444325
5.581702293886799
5.581433820488244
5.5813831088462775
5.581417413780554
5.58140399011062
5.581391560786618
5.58132543678285
5.58172466667
5.581417910953505
5.581522814448161
5.581373165387073
5.581511876643049
5.581404487283597
5.581438295044915
5.581783830252216
5.581400509899908
5.581503921875655
5.581394543824366
5.581437797871953
5.5814039901106325
5.581445752639315
5.581316984842502
5.581357753025298
5.581443266774518
5.581374656905957
5.581329414166526
5.581359244544179
5.581443266774507
5.581399018381021
5.581337368933904
5.5813706795222755
5.581457187617404
5.581339854798702
5.581397029689178
5.581280194043415
5.581307538556257
5.581371176695224
5.581354769987533
5.5816585426663226
5.581260804297913
5.581335877415022
5.581376645597802
5.581387583402932
5.581405481629509
5.581379628635562
5.581387583402936
5.581415922261679
5.581381120154437
5.581404487283597
5.5813587473712145
5.581416916607606
5.581333391550199
5.581360238890096
5.581400509899903
5.581334883069097
5.581417910953533
5.581393549478462
5.581444261120436
5.5814049844565545
5.581657548320404
5.581743062069517
5.581740576204717
5.581721186459261
5.581376148424835
5.581374656905933
5.581394543824383
5.581484034957278
5.581388080575894
5.581389572094764
5.581405481629518
5.58132543678285
5.581355764333448
5.581655559628563
5.581356758679377
5.581402995764715
5.581395538170301
5.581646610515283
5.581452713060766
5.581350295430885
5.5813691880033796
5.581384103192208
5.581400509899884
5.581366702138589
5.5813681936574655
5.5813776399437245
5.581333888723183
5.581355267160475
5.5814576847903465
5.581390566440661
5.5812493693198
5.581681412622479
5.5817187005944815
5.581658045493339
5.58163418119128
5.581685390006162
5.581657051147443
5.581727152534783
5.581442769601548
5.5814015042458225
5.581649593553032
5.58167345785512
5.581775875484824
5.581697322157203
5.581581480857461
5.581385097538072
5.5813637191008
5.581671469163285
5.581681412622484
5.581666000260724
5.581648102034149
5.5816863843520785
5.581657051147431
5.5816923504276055
5.581699808022001
5.581658045493356
5.581694339119427
5.581559108074193
5.581718203421519
5.581363719100825
5.581734610129197
5.581619266002472
5.581684395660237
5.581668983298482
5.581673955028086
5.5816923504275735
5.581624734905026
5.581614294272853
5.5816351755371985
5.58168240696839
5.581579492165652
5.581624237732072
5.5816471076882275
5.581594407354435
5.581788304808853
5.581658542666304
5.581938948215612
5.581573526090136
5.581610316889178
5.581698316503114
5.581369685176347
5.581706768443439
5.581560102420192
5.581683401314319
5.581652576590794
5.581625729250942
5.581735604475109
5.581677932411741
5.5816615257040745
5.581613797099911
5.581644124650471
5.581565074149803
5.581643627477511
5.581650587898948
5.581709254308232
5.581595401700387
5.581692350427594
5.581653073763764
5.581696824984239
5.581590927143729
5.581738587512869
5.581672463509203
5.581627717942781
5.5816530737637535
5.581684395660226
5.581669977644396
5.581621751867271
5.581636169883121
5.581766926371555
5.5817201921133615
5.581673955028069
5.58168091544952
5.581745547934289
5.581659537012229
5.5816814126224585
5.581385097538109
5.581499944491998
5.581404984456552
5.581428351585697
5.581373165387071
5.581305549864325
5.581321459399146
5.581358747371202
5.581438295044897
5.581499944492008
5.581410950532072
5.581391063613655
5.581462159346986
5.581446249812269
5.581519334237456
5.581422882683138
5.581462656519967
5.581374656905955
5.581450227195966
5.58167842958471
5.581438792217871
5.581389572094775
5.581463153692933
5.58135924454417
5.5814169166076075
5.581434814834161
5.581479063227654
5.5814442611204145
5.5814253685479285
5.581493481243522
5.5813920579595795
5.581427854412742
5.581423379856094
5.581446746985223
5.581454204579639
5.581374159732988
5.581429843104577
5.581428848758655
5.5814039901106085
5.581436306353069
5.58141791095353
5.581468125422542
5.581473594325097
5.5814840349572705
5.581464645211821
5.581430837450509
5.581521322929298
5.581447741331146
5.581453707406688
5.581456193271492
5.581480554746551
5.581264284508638
5.581420396818337
5.581454701752604
5.5813607360630515
5.581504419048653
5.581451221541884
5.581475085843992
5.581453210233724
5.581498950146083
5.581484532130239
5.581481549092456
5.581628712288719
5.581462159347019
5.581459176309251
5.581481051919499
5.5815993790840635
5.581473097152142
5.581513368161922
5.581376148424833
5.581666994606626
5.581464645211806
5.581468622595485
5.581494972762399
5.5815382268099505
5.581480057573587
5.581473097152141
5.581417413780573
5.58152530031298
5.581457187617416
5.5815088936052915
5.581511876643063
5.581471605633271
5.581434814834187
5.581468125422539
5.581431831796429
5.581435809180111
5.581500938837917
5.581399515553982
5.581441278082676
5.581472599979186
5.581472102806228
5.58143779787195
5.581446249812282
5.581493481243524
5.581483040611356
5.581484034957277
5.581432328969378
5.581509390778261
5.581456193271495
5.581512373816007
5.5814895038598396
5.581434814834194
5.581453210233729
5.581447244158203
5.581468125422545
5.581480057573596
5.581506407740496
5.5814730971521485
5.581452713060766
5.5815103851241785
5.581474091498072
5.581509887951214
5.581517345545624
5.581498950146094
5.58148453213024
5.581518837064505
5.581503921875694
5.5814566904444485
5.581496961454232
5.581476080189913
5.581541209847721
5.581479560400637
5.581514859680811
5.581490001032801
5.581490995378712
5.5815118766430585
5.581469616941423
5.5815446900584265
5.5815690515334815
5.581492486897598
5.581497458627202
5.581545684404354
5.58145271306077
5.581560102420208
5.581539221155875
5.581511379470098
5.5816123055810225
5.581439786563784
5.581567560014608
5.581505910567533
5.5815422041936165
5.581451221541887
5.581525797485933
5.581619763175433
5.5814909953787195
5.581574520436054
5.58154419288548
5.581533752253313
5.581532260734435
5.581554136344686
5.58148801234096
5.581525300312978
5.581574023263083
5.581506904913458
5.581569051533486
5.581510385124172
5.581521322929305
5.581372171041097
5.581481549092476
5.581503424702736
5.5815675600146095
5.58151933423746
5.581507899259376
5.581533752253311
5.581524803140031
5.581526294658904
5.581469119768464
5.581500938837931
5.581497458627208
5.581550656133946
5.581398024035096
5.581589435624863
5.58164611334231
5.581733118610305
5.581716214729679
5.581724666669988
5.581411447705034
5.581430837450493
5.581421888337188
5.581497955800164
5.581434317661215
5.58153076921555
5.581678926757682
5.581327425474641
5.58146862259549
5.581447741331149
5.581495469935352
5.581451221541876
5.581719197767427
5.581372171041127
5.581409956186154
5.581459176309257
5.581401504245831
5.581384103192202
5.581430837450508
5.5814273572397815
5.581390566440699
5.581414430742801
5.581342837836464
5.581426362893833
5.581374159732981
5.581414430742804
5.581357255852318
5.581248374973897
5.58140100707287
5.5814363063530665
5.581420893991261
5.581457684790369
5.581481051919513
5.581464645211821
5.581480554746549
5.581412939223905
5.581416419434643
5.581615288618789
5.5817485309720505
5.581611311235091
5.581656553974475
5.581640147266779
5.581611311235108
5.581734610129177
5.581667491779588
5.58163965009384
5.581649593553041
5.58143879221787
5.581426860066803
5.581659039839263
5.581609322543255
5.581598881911096
5.581620260348392
5.581580983684529
5.581612802753974
5.5816804182765365
5.581654565282631
5.581665503087737
5.581665005914783
5.581605842332485
5.581583469549329
5.5815705430523765
5.581394046651412
5.581619266002459
5.581666497433678
5.58159241866262
5.581541209847715
5.5816386557478985
5.581399018381023
5.581654565282629
5.581646610515279
5.581667491779604
5.581658045493346
5.5817177062485515
5.581702293886793
5.581678429584707
5.581645616169349
5.581676938065826
5.581418408126479
5.5816386557479065
5.581630203807595
5.581569548706457
5.581469119768446
5.58158694976006
5.5815789949927
5.581712237345997
5.581647604861192
5.581662022877043
5.581618271656549
5.581659537012232
5.581689864562795
5.581593413008535
5.581586452587093
5.581712237345997
5.58168240696839
5.581534249426274
5.581642135958634
5.581653570936715
5.58165555962855
5.581696824984241
5.581642135958628
5.581642633131594
5.5815660684957225
5.581626723596879
5.5815879441059835
5.581638158574957
5.581451221541875
5.5816093225432555
5.581573028917127
5.581652576590796
5.581662022877038
5.581618271656552
5.5816456161693635
5.581638655747903
5.581593910181496
5.581593910181503
5.5816292094616715
5.581605345159585
5.5815640798038935
5.581655062455593
5.581562091112052
5.581479063227647
5.581623740559113
5.581641141612718
5.581529774869629
5.581583966722305
5.581666000260724
5.581551153306925
5.581498452973069
5.5814914925516845
5.581591424316695
5.581481549092473
5.581558610901332
5.58144525546636
5.5814929840705645
5.581395538170302
5.581488012340963
5.581458181963335
5.581497458627204
5.581448735677075
5.581454701752612
5.58134979825785
5.581429345931625
5.581447244158198
5.581468622595505
5.581530769215548
5.581450227195965
5.5815183398915424
5.581539221155861
5.581497955800164
5.581509887951221
5.581509390778245
5.5812796968704
5.581543695712521
5.581463153692936
5.581553639171724
5.5815282833507345
5.581572531744217
5.581517345545624
5.581497458627208
5.5815566222094875
5.5816048479866085
5.581550656133963
5.581471108460306
5.581597887565159
5.581513865334892
5.581537729636994
5.581588938451907
5.581575017609016
5.581559108074278
5.58147657736287
5.581553639171726
5.581563582630905
5.581578000646771
5.581565074149811
5.581634678364229
5.5815267918318705
5.5816948362923995
5.581509887951211
5.581624237732072
5.581580486511581
5.581640644439749
5.581614294272872
5.5815566222094795
5.581531763561476
5.581615785791743
5.581518837064486
5.581576509127891
5.581565074149766
5.581538723982914
5.581570543052368
5.581617277310613
5.581600373429981
5.581549661788041
5.581594407354456
5.581576509127881
5.581412442050955
5.5815506561339605
5.581636667056081
5.581646610515282
5.581608825370302
5.581600870602933
5.581510385124177
5.581624734905037
5.581541707020669
5.581572034571255
5.581576011954934
5.581581978030461
5.581486520822079
5.581542204193639
5.581470114114377
5.58161578579175
5.5815551306906075
5.581536238118119
5.581552644825808
5.581575017609018
5.581524305967069
5.581613299926945
5.581566565668692
5.581565571322771
5.581569051533497
5.581615785791752
5.581437300698959
5.581440283736679
5.581501933183848
5.581582972376375
5.581493978416482
5.581614294272871
5.581592915835572
5.581629209461677
5.581560599593165
5.5815799893386115
5.581570045879388
5.581578000646775
5.581643627477497
5.5816063395055115
5.5815784978197245
5.5815794921656625
5.58150541339456
5.581542204193643
5.581509390778258
5.581567062841656
5.581545187231405
5.581563085457973
5.581572034571231
5.581525797485919
5.581587446933022
5.581618768829498
5.581648102034147
5.581636169883109
5.58161379709991
5.581623243386148
5.5815824752034215
5.581637164229032
5.581574023263095
5.58154469005844
5.581657051147427
5.5815481702691665
5.581576509127902
5.581539221155878
5.581528283350707
5.58164561616936
5.581597887565167
5.581570543052344
5.581638158574939
5.581542204193641
5.581590927143732
5.581582475203388
5.581633684018308
5.5815044190486525
5.581596893219268
5.581623740559095
5.581533255080352
5.581623740559114
5.581707762789361
5.581678429584721
5.581634181191273
5.58162771794279
5.581664011568868
5.581608328197352
5.581652079417819
5.581600373429979
5.581698316503115
5.581490001032724
5.581662022877043
5.581650587898963
5.581633186845353
5.581639152920879
5.581616780137675
5.581634181191281
5.581567062841624
5.581626226423912
5.581757480085318
5.581625232077989
5.581689864562793
5.581668486125509
5.581638655747921
5.581707265616391
5.581691853254644
5.581635175537197
5.581610316889193
5.581625232077996
5.581596396046309
5.581634181191279
5.581601864948872
5.58173013557253
5.581644124650476
5.581616780137672
5.581664011568884
5.581543695712491
5.581622249040236
5.5816013677759075
5.581629706634611
5.581599876257022
5.581602362121824
5.581657051147441
5.58159788756517
5.581578497819717
5.58166550308776
5.581692847600561
5.5816485992071145
5.581665503087758
5.58163119815352
5.581677932411755
5.581683401314325
5.581631198153514
5.581718203421502
5.581666497433659
5.581622249040236
5.581746045107255
5.581684395660242
5.581653570936722
5.581616780137668
5.581681412622463
5.581577006300826
5.581633186845356
5.581642633131595
5.581658542666294
5.58163418119128
5.581655559628538
5.58166401156888
5.581595401700381
5.581638158574961
5.581706271270483
5.581670474817364
5.581661525704075
5.581671966336233
5.581662520049993
5.58165804549336
5.581685390006153
5.581723672324048
5.5816834013143115
5.581667491779605
5.581702293886784
5.581631198153512
5.5815859554141385
5.581667988952565
5.581681909795445
5.58164114161272
5.581651582244881
5.581669977644402
5.581673955028073
5.581596893219269
5.581676938065836
5.581658045493359
5.581706271270484
5.5816824069684
5.581698316503117
5.581622746213195
5.581559605247253
5.581626723596873
5.581650090726002
5.581673457855125
5.581644621823435
5.581653073763761
5.581711740173041
5.581713231691922
5.58164263313158
5.581644124650478
5.581692847600563
5.581617774483591
5.581724169497041
5.581677435238805
5.58164710768824
5.581646610515278
5.5816754465469645
5.5816346783642325
5.581694339119444
5.581714226037838
5.581672463509193
5.581721683632236
5.581599876257031
5.581666497433683
5.581620260348397
5.581594407354463
5.581597887565188
5.581521322929308
5.5816645087418415
5.581648102034161
5.581648102034154
5.581575017609016
5.581618271656555
5.581652079417844
5.581605345159587
5.58162374055911
5.581589435624863
5.581608328197354
5.5815904299707855
5.58163169532648
5.581636667056071
5.581625729250956
5.581616282964713
5.581628712288707
5.58163716422904
5.581607831024393
5.58161777448359
5.581601367775907
5.5816625200499965
5.581556622209482
5.581502430356806
5.58165655397447
5.581542701366593
5.581623243386154
5.581684395660244
5.581698813676073
5.581679423930645
5.58169632781128
5.581672960682165
5.581692350427599
5.581698316503107
5.581658045493363
5.581673955028077
5.581742564896557
5.581616282964711
5.58174554793431
5.581736598821036
5.581660531358165
5.58160484798663
5.581670971990321
5.581651582244878
5.581660034185201
5.581649593553039
5.581676938065834
5.581691356081676
5.581681909795442
5.581641141612709
5.581592915835575
5.581683898487278
5.581627220769838
5.581746045107277
5.581627717942798
5.581636667056068
5.581649593553041
5.581609322543273
5.581663514395921
5.58161329992695
5.5816038536406465
5.581693344773524
5.581621254694315
5.581696824984242
5.581680418276565
5.581511379470068
5.581689864562805
5.581724169497041
5.581603853640705
5.581655559628563
5.581595898873345
5.581659537012239
5.58163119815351
5.5816570511474355
5.58165158224488
5.581693841946482
5.581781841560383
5.58169036173576
5.5816754465469645
5.581573028917179
5.581573028917176
5.58165456528264
5.581597887565181
5.581682406968393
5.581666497433679
5.581662022877045
5.581527289004829
5.581677932411765
5.581626723596872
5.581624237732076
5.581678926757671
5.581705276924564
5.581635672710152
5.581684395660233
5.581632689672396
5.581637164229037
5.581767920717507
5.581694836292403
5.581620260348386
5.58164462182343
5.5816575483204005
5.581627220769832
5.581655062455597
5.581635175537194
5.58167296068216
5.581747536626151
5.5816585426663154
5.5816311981535165
5.581661028531124
5.581652079417829
5.581708259962324
5.581597887565188
5.581516351199663
5.5816252320779975
5.581630700980555
5.581687875870966
5.581677435238796
5.5816227462131875
5.5816321924994385
5.581625232077997
5.581733615783265
5.581700802367917
5.581705774097524
5.581708757135281
5.581614294272877
5.581638655747901
5.581636169883119
5.581704282578644
5.581674949374004
5.581687875870965
5.5816829041413625
5.581606339505496
5.581600870602941
5.581759965950138
5.5816451189963905
5.581646113342322
5.581666000260711
5.5816401472668
5.581663017222961
5.581625232077997
5.581706271270483
5.5816729606821545
5.5815720345712565
5.581550656133959
5.581669480471434
5.581581978030464
5.581611311235108
5.581581978030447
5.581602859294789
5.5815919214896565
5.58158744693302
5.581610814062148
5.581540712674749
5.581628215115742
5.581616780137661
5.581537232464025
5.581592915835569
5.581584961068203
5.5815655713227725
5.581553639171708
5.581585458241174
5.581656553974479
5.581659039839267
5.581613299926938
5.58164213595862
5.581653570936723
5.581615785791737
5.581665005914798
5.581623740559112
5.5815367352910785
5.58154866744211
5.581506407740497
5.581569051533468
5.5814522158877296
5.5815789949927
5.58142139116423
5.5815098879512215
5.581615288618793
5.581550158961005
5.58169036173576
5.581569548706457
5.581600373429989
5.581677932411758
5.581569548706458
5.581620757521347
5.581627717942788
5.581628712288719
5.581676938065844
5.58158048651153
5.581665005914797
5.5815367352910705
5.581578000646764
5.581629706634632
5.58162374055911
5.581546181577323
5.581638158574958
5.581628215115759
5.581647604861202
5.581748530972074
5.5815665656686955
5.581628712288702
5.581542701366595
5.581642135958634
5.581653570936712
5.581745547934223
5.581585955414127
5.581609819716231
5.581639152920876
5.581516848372627
5.5815789949926895
5.581615288618777
5.581674452201022
5.581666000260697
5.5816162829647125
5.581532260734403
5.581602362121828
5.58163965009382
5.581636667056075
5.581671469163254
5.581657051147442
5.581530769215522
5.581727649707754
5.581698316503122
5.581654068109679
5.581691356081684
5.5816535709367185
5.581646113342317
5.581621254694313
5.581642633131595
5.581658045493344
5.581641141612717
5.581658045493356
5.5816197631754285
5.581643627477522
5.581590429970771
5.5815864525871035
5.581566068495736
5.581592418662621
5.581660531358165
5.5816147914458325
5.5815864525871
5.581669977644402
5.581670474817355
5.581562091112037
5.581664508741842
5.581567062841654
5.581654068109671
5.5816739550280845
5.581617774483592
5.581687378698004
5.5816466105152704
5.581606836678458
5.581581480857493
5.581672960682165
5.581646113342313
5.581685887179105
5.581644124650476
5.58167594371992
5.581680418276562
5.581630700980553
5.581722677978156
5.581624734905035
5.581723175151119
5.581725661015916
5.5816933447735195
5.581643130304555
5.581685390006147
5.581675943719925
5.58167942393064
5.581632192499428
5.581651582244877
5.5816177744835755
5.5816853900061565
5.581689367389841
5.581689864562798
5.581639650093827
5.581754994220538
5.581675446546947
5.5817306327454945
5.581767423544537
5.581717706248548
5.581672960682159
5.581594904527429
5.581669480471444
5.581624237732076
5.581644621823442
5.58159192148966
5.581665503087732
5.5816625200499885
5.581712734518949
5.581627717942787
5.581675446546957
5.5816555596285475
5.581666000260706
5.581719694940401
5.581647604861199
5.581716214729681
5.581640644439744
5.581612802753992
5.581664011568853
5.581701796713816
5.5816406444397515
5.581699310849042
5.581708259962316
5.581644124650464
5.581731129918475
5.581704779751597
5.581618271656512
5.581672463509201
5.581680915449525
5.581647107688241
5.581697819330162
5.5817251638429495
5.5815128709887665
5.581621751867239
5.581735107302156
5.581708259962318
5.581724666669996
5.580937641873114
5.581582972376378
5.581583469549327
5.580971449634482
5.58164163878568
5.581565571322774
5.5815859554141065
5.580711925347778
5.580920240819463
5.581697819330156
5.581646113342322
5.581228985228375
5.58167445220104
5.581653073763756
5.581659537012243
5.581386091883826
5.581585458241164
5.581656056801513
5.5816053451595815
5.5816938419464845
5.581724666669978
5.5816103168891615
5.581452215887805
5.581585458241179
5.581616780137644
5.581619266002469
5.581580486511579
5.581613797099915
5.58155562786357
5.581619763175403
5.581609322543264
5.581620757521357
5.581648599207116
5.581631695326475
5.581561096766127
5.581621751867278
5.581577006300847
5.581581480857504
5.581623740559106
5.581554633517641
5.581656056801523
5.581554633517631
5.581659039839283
5.581562588284979
5.581648102034158
5.58161926600246
5.581609819716211
5.58157501760902
5.5815780006467675
5.5816008706029505
5.581581978030459
5.581525300312992
5.5815899327978
5.581607333851429
5.581642135958558
5.581531763561455
5.581546678750267
5.581118115658071
5.5816182716565566
5.581604350813618
5.581649593552984
5.581507402086301
5.581668486125508
5.581648599207121
5.581640644439742
5.581559605247237
5.58158844127892
5.581766429198623
5.581663514395903
5.581672960682151
5.581597887565189
5.581623243386112
5.581660034185117
5.581701299540874
5.581724169497018
5.581691356081666
5.581620260348372
5.58158048651149
5.58156557132277
5.581571040225323
5.581575514781953
5.581592915835517
5.581624734905006
5.58166351439592
5.581627220769833
5.581605345159557
5.581593413008529
5.581614791445816
5.581643130304545
5.581637164229025
5.581627717942747
5.581523311621138
5.581584463895177
5.5816316953264105
5.5816162829646885
5.581731129918471
5.5815456844042615
5.58166500591479
5.581587944105974
5.581702791059705
5.581607333851429
5.581617774483572
5.58155413634459
5.581574023263048
5.581623740559107
5.581562588284954
5.581655559628544
5.5815397183287665
5.581622249040237
5.581415425088451
5.581676938065833
5.58165357093671
5.581617277310593
5.581590927143716
5.581604847986618
5.581614791445818
5.581571040225331
5.581671469163273
5.5815635826309276
5.581625232077978
5.581568057187574
5.58157601195492
5.581605842332537
5.581564576976816
5.58156805718754
5.581499447319001
5.581632689672383
5.581516848372611
5.581597390392216
5.581550656133917
5.58168588717906
5.581671469163268
5.581558113728334
5.581668983298477
5.581561593938979
5.581580983684529
5.581572034571245
5.581570045879409
5.581671966336231
5.581619266002413
5.581549661788027
5.581506407740457
5.581510882297114
5.581532260734389
5.581593910181483
5.581599876257009
5.58149447558943
5.581564576976814
5.581612802753962
5.5815720345712485
5.581468622595383
5.581628215115756
5.581617774483529
5.581593910181479
5.58159838473813
5.581545684404219
5.581589435624839
5.581575017609012
5.5815720345712485
5.581804711516455
5.581589932797818
5.5815794921656545
5.581593910181506
5.5816252320779896
5.581571537398291
5.581572531744211
5.581497955800164
5.581645118996366
5.581631695326478
5.581566565668695
5.581550158960997
5.581601864948863
5.581488012340909
5.581596893219266
5.581649096380036
5.58161180840806
5.581689864562804
5.58159540170035
5.581602362121824
5.581572531744212
5.5815899327978125
5.581504916221572
5.58159888191109
5.5815665656686955
5.5815685543605165
5.581611808408066
5.581614791445826
5.581664011568883
5.581428351585585
5.5816560568015205
5.581536238118012
5.581591424316708
5.58159490452742
5.581573526090117
5.581383108846104
5.581530769215498
5.581505910567486
5.58152430596704
5.581556125036523
5.581635175537193
5.580926206894997
5.581651085071911
5.581719197767437
5.581626723596859
5.581628215115735
5.58159042997077
5.5816302038075785
5.5816774352387855
5.581600373429978
5.580897868036171
5.581618271656542
5.581682904141348
5.581674949373955
5.581604350813659
5.58160335646775
5.5816461133423205
5.581632192499431
5.581649593553041
5.581602859294791
5.581675446546949
5.58166202287704
5.5815561250365
5.581652079417839
5.581466633903472
5.581612305581029
5.581577006300858
5.581496961454232
5.581497955800149
5.581619266002472
5.581595401700366
5.5816083281973485
5.581680418276565
5.581560102420213
5.581585955414141
5.581618768829505
5.581589435624856
5.581687875870961
5.58156756001453
5.581581480857477
5.58155960524723
5.5815516504798675
5.581609819716224
5.581631198153494
5.58163268967238
5.581649096380047
5.581707265616377
5.581619266002449
5.581684395660236
5.581648599207088
5.581630700980541
5.581586949759995
5.581632689672393
5.581615785791743
5.581631198153495
5.581560599593171
5.581569051533428
5.58167296068212
5.581663017222904
5.581676440892871
5.5816858871790735
5.581566068495724
5.581582972376281
5.581641638785677
5.581612802753984
5.581742067723528
5.581715220383724
5.581635175537195
5.581580983684499
5.581740576204701
5.581561096766122
5.581592915835524
5.581674452200981
5.5816789267576326
5.581560599593118
5.581743062069516
5.581674452201038
5.581602859294776
5.5815705430523685
5.581607333851431
5.5815884412789325
5.58158346954934
5.581545187231401
5.581593910181506
5.58161329992695
5.58177637265782
5.58157899499269
5.581612802753985
5.5815422041936325
5.581571040225327
5.58164412465046
5.581574520436033
5.581575514781956
5.5816108140621425
5.581652079417837
5.581651582244871
5.5815382268099585
5.5815531419987465
5.581590927143736
5.5815610967661256
5.581683401314302
5.581619763175412
5.581642633131591
5.581540215501787
5.5816128027539875
5.581538723982902
5.58157601195494
5.581563085457966
5.581572531744212
5.58156109676612
5.58162473490503
5.581835039067058
5.581593413008533
5.581867852482392
5.581568057187558
5.58156805718756
5.581600373429975
5.5815441928854845
5.581636667056071
5.581615785791745
5.58160186494884
5.581615288618782
5.58152032858337
5.581599876257022
5.581576011954929
5.581570543052372
5.5815944073544435
5.5816232433861375
5.58157899499269
5.581611311235114
5.5816053451595815
5.581569051533481
5.581594904527418
5.581616780137675
5.581549661788043
5.581544192885474
5.5816053451595735
5.581569051533488
5.581606339505495
5.58180321999765
5.581896688514049
5.581881276152312
5.581819129532351
5.581898180032941
5.581930993448258
5.581819626705314
5.581824598434911
5.581878293114556
5.58180620303538
5.58184050796963
5.581945411464083
5.581887242227826
5.581781344387423
5.581913095221722
5.5817614574690255
5.581849954255849
5.581848462736982
5.581859897715056
5.581515356853784
5.5816913560816745
5.5817062712704795
5.581868846828328
5.5817196949403955
5.581726158188876
5.581637164229041
5.581765932025667
5.581686881525044
5.5816888702168725
5.581752011182786
5.581695830638314
5.581760463123106
5.5817127345189625
5.581829072991558
5.581766926371582
5.58168091544952
5.581689864562791
5.581692847600564
5.581753005528711
5.581660034185198
5.581710745827105
5.581687875870959
5.581800734132854
5.5816923504276055
5.5817579772583095
5.581738090339916
5.581728644053669
5.581771400928228
5.581763446160866
5.581638655747896
5.581697819330163
5.581713728864862
5.581678429584712
5.581745547934304
5.581752508355735
5.581678926757676
5.5817177062485515
5.581641638785676
5.58170825996232
5.581659537012226
5.581668983298475
5.581648102034161
5.581621254694316
5.581636667056078
5.581667988952565
5.581743062069516
5.581689367389821
5.581681909795439
5.581792779365487
5.581742564896525
5.5816714691632825
5.581686384352081
5.581658045493353
5.5817152203837495
5.581661028531108
5.581808688900195
5.58175598856646
5.5816461133423205
5.581705774097522
5.581682406968388
5.581599379084061
5.581745050761342
5.581673457855114
5.581681909795435
5.581620757521338
5.581646610515262
5.5816754465469485
5.581711740173013
5.581666000260712
5.581682904141348
5.581609322543248
5.581681412622466
5.581688870216875
5.581661525704074
5.58162026034839
5.581690858908712
5.581578994992686
5.581606339505512
5.581680418276559
5.5817400790317455
5.581672463509196
5.581734610129181
5.581170318819033
5.581589435624859
5.581663017222959
5.581706271270481
5.581748530972059
5.58172118645928
5.581747039453188
5.581660531358161
5.581683401314321
5.581607333851416
5.581629209461677
5.5816232433861535
5.581652079417832
5.581588441278939
5.581577503473796
5.581649096380069
5.581632689672371
5.581579989338604
5.581627717942788
5.581616282964716
5.581541707020637
5.581559605247167
5.581698813676039
5.581600373429967
5.581644621823414
5.581652079417839
5.581609322543265
5.581682406968397
5.5816799211036
5.581668486125509
5.5816490963800645
5.581598881911087
5.581700802367912
5.5816799211035795
5.582006066565129
5.581684395660233
5.5816361698831
5.5816769380658195
5.5817316270914175
5.581633684018303
5.5817226779781555
5.581649593553039
5.58169036173575
5.58171372886487
5.5817356044751065
5.581754994220529
5.581734610129199
5.58163517553719
5.581677932411765
5.581626226423915
5.581735107302147
5.581728146880695
5.581648599207106
5.581645616169355
5.581613797099881
5.581746542280228
5.581686881525037
5.581768417890395
5.581713728864877
5.581715220383746
5.581756982912393
5.58168041827656
5.581728644053675
5.581709751481192
5.581755491393506
5.581697819330145
5.581642633131583
5.58171571755672
5.581578994992539
5.58171919776744
5.58169483629239
5.581794270884348
5.581701796713837
5.5816744522010255
5.581671469163272
5.581614791445825
5.581666000260707
5.581731129918478
5.581640147266778
5.581756982912385
5.58169085890871
5.581727152534772
5.581655062455602
5.581703785405632
5.581688373043913
5.581616282964663
5.581703785405673
5.581681412622449
5.581748033799113
5.581747039453176
5.581701796713819
5.581758971604212
5.5816316953264575
5.581751514009821
5.581761954641981
5.581730135572556
5.581625729250958
5.581628215115753
5.581715220383745
5.5816669946066355
5.581690361735743
5.581699310849042
5.581733615783264
5.581730135572545
5.581719197767437
5.581671966336242
5.581605345159567
5.58177388679302
5.58167445220104
5.581621751867277
5.581674452201021
5.581682904141364
5.581635672710157
5.581702293886803
5.581636169883121
5.581708757135278
5.581597390392223
5.581729141226629
5.5816311981535165
5.581602362121829
5.58169135608167
5.581675446546964
5.581654068109683
5.581633186845356
5.581597887565171
5.581636169883119
5.581592418662626
5.581788304808854
5.581616282964714
5.58158694976006
5.581662022877041
5.58161180840807
5.58164412465046
5.581658045493363
5.581633186845355
5.581569051533498
5.581581978030456
5.581753999874626
5.581650587898937
5.581663017222957
5.581579492165655
5.581593413008531
5.581625729250952
5.581587944105976
5.581601367775899
5.581561593939083
5.581566565668694
5.581651085071921
5.581599876257017
5.581613797099912
5.581581480857504
5.581584463895254
5.581561096766119
5.581830564510437
5.581689367389824
5.581816146494603
5.581595898873346
5.581526294658829
5.5816088253703
5.581843491007388
5.581533255080324
5.58155662220947
5.581627220769814
5.58161031688919
5.581693344773449
5.581639650093826
5.58161528861877
5.581634181191262
5.581621254694297
5.581585955414141
5.581595401700376
5.581669480471418
5.581558113728356
5.581600870602936
5.581566068495728
5.581656056801516
5.581880778979358
5.581667988952549
5.581903648935479
5.581654068109663
5.581606836678472
5.581557616555396
5.581647107688231
5.581637164229032
5.581607831024383
5.5816699776444025
5.581666000260708
5.581621751867272
5.581586452587099
5.58167793241176
5.58162324338614
5.581676440892877
5.581627220769829
5.581852440120643
5.581715220383646
5.581594904527422
5.581683898487271
5.581584961068213
5.581586452587094
5.5817594687771575
5.581787310462912
5.581671469163276
5.581660034185205
5.581688373043922
5.581556125036529
5.58160832819734
5.581651085071919
5.581661525704036
5.58166351439592
5.581554633517633
5.581751016836866
5.581707265616398
5.5815834695493285
5.581654068109678
5.58170925430823
5.581774881138945
5.581704282578644
5.5817261581888795
5.581783333079227
5.58173560447511
5.581714226037839
5.581637164229039
5.581649593553014
5.581727649707758
5.581682904141349
5.581652576590797
5.581633684018306
5.58164263313159
5.58171969494039
5.581650090725982
5.581639152920862
5.581805705862441
5.581728146880702
5.581699808021992
5.581617277310621
5.581687378698003
5.58162920946167
5.58158346954933
5.581715717556712
5.5816809154495175
5.581630700980558
5.581621254694284
5.581676440892882
5.581624734905009
5.581685887179119
5.581663514395914
5.581699310849031
5.581647604861202
5.581722180805179
5.581727152534799
5.581694836292396
5.581636667056038
5.581656553974444
5.58164859920707
5.581687378698006
5.581943422772234
5.581729141226614
5.581736598821027
5.581693344773509
5.581746542280233
5.581710248654159
5.581675943719925
5.581677932411755
5.581619763175387
5.5816819097954165
5.581668486125493
5.5816495935530375
5.581614791445822
5.581673955028083
5.581608825370246
5.581642135958636
5.58161777448358
5.5815059105673965
5.581657548320391
5.581594904527386
5.5816252320779745
5.581662520049972
5.581642135958636
5.581603356467709
5.581610814062146
5.581738587512802
5.58161031688919
5.581610316889187
5.581589932797819
5.581473594325111
5.581832553202265
5.581575017609018
5.5815536391717115
5.581573028917179
5.581542701366562
5.581502927529775
5.58154817026914
5.581486520822075
5.581497458627194
5.58150740208641
5.581490001032805
5.581483040611327
5.5814551989255365
5.581496961454228
5.581537232464036
5.5815441928854765
5.5815352437721915
5.581863377925774
5.5815650741498155
5.581467131076621
5.581513368161944
5.581583966722294
5.581579492165662
5.58154618157731
5.581614791445819
5.581570045879417
5.581621254694315
5.5815755147819806
5.581539718328834
5.581565571322762
5.581574520436052
5.581429843104584
5.581414927915763
5.5814661367306755
5.581565074149803
5.581477571708773
5.581540215501794
5.581644621823441
5.581846971218101
5.581690858908704
5.5818653666176035
5.581872824211995
5.581839016450744
5.581600870602945
5.581915581086523
5.581916575432442
5.58183752493186
5.581855423158409
5.581793276538453
5.581880281806394
5.581815649321637
5.581819626705319
5.58184299383442
5.581879287460464
5.581823106916022
5.581864372271678
5.581914089567641
5.5818613892339135
5.581821118224188
5.58192353585387
5.5814189052994285
5.581864869444641
5.5815924186626225
5.581785818944059
5.581930496275294
5.58187232703903
5.581878293114531
5.581881276152305
5.581799242613967
5.581827084299701
5.581821118224187
5.581849954255845
5.5816829041413145
5.581919558470164
5.581844982526242
5.581729638399575
5.58182857581858
5.581790790673581
5.58183653058595
5.581887739400791
5.581809683246117
5.581671469163273
5.581851445774718
5.581866360963527
5.581841999488507
5.581903648935488
5.581837524931868
5.581717706248532
5.581800236959789
5.581808191727231
5.581749028145031
5.5818270842997135
5.581894202649259
5.581797253922123
5.58167644089288
5.581791287846617
5.5817162147296715
5.581760960296056
5.581807197381306
5.581822112570115
5.581860892060962
5.581859897715046
5.581840010796648
5.581837027758888
5.581833050375212
5.581784327425118
5.581798248268044
